2.163126632505926565e-06
2.112864095364457538e-06
2.087140051467502484e-06
2.096833209105160474e-06
2.146781839484283687e-06
2.230308878699619433e-06
2.344439477248798885e-06
2.508333265321396541e-06
2.733418616574119497e-06
3.029254395075088417e-06
3.363493921043213437e-06
3.744476681282957187e-06
4.172938755558951510e-06
4.606665172233472515e-06
5.068464311630050713e-06
5.540098225869554208e-06
5.996344096541816014e-06
6.451672465425124098e-06
6.893103004593247908e-06
7.356549411449198918e-06
7.778375355869601715e-06
8.190472268917482757e-06
8.594970308217243782e-06
8.996423294427334863e-06
9.395257821461378694e-06
9.800942807652174293e-06
1.020645274383863866e-05
1.068921417783088527e-05
1.119976980704844114e-05
1.170243724511028059e-05
1.219982187738110312e-05
1.266149177204828769e-05
1.311709360922821456e-05
1.354128448352207807e-05
1.386743052601271606e-05
1.416384266788477727e-05
1.438087133230213539e-05
1.449717597936273517e-05
1.449371827859705347e-05
1.448109349041278460e-05
1.436774265019008946e-05
1.421582914952403565e-05
1.411127646929973868e-05
1.401661587492760395e-05
1.390357033732142998e-05
1.375749083131773930e-05
1.359636485748997453e-05
1.346709989973992726e-05
1.337686229292331906e-05
1.333482649920603429e-05
1.334417834690949239e-05
1.345667938940087183e-05
1.365070427327037816e-05
1.389574331513935418e-05
1.423899682968777190e-05
1.466896656756254934e-05
1.520779361759920078e-05
1.578180470287538287e-05
1.640015573581906239e-05
1.705560913913743790e-05
1.773282311514994512e-05
1.835856154443074942e-05
1.897869102333187875e-05
1.953359446397540458e-05
2.001372865154452379e-05
2.045967275137480605e-05
2.086774616973183921e-05
2.124456546734191167e-05
2.155838049899925103e-05
2.184538977535158046e-05
2.207827851518262465e-05
2.231196714858128382e-05
2.245974149600962234e-05
2.265843013495949607e-05
2.286070942309772168e-05
2.302675083865003604e-05
2.319995188642960237e-05
2.333451819107258858e-05
2.350451962422389542e-05
2.362624465023172114e-05
2.370594375598888970e-05
2.374069395434284194e-05
2.376367138663920513e-05
2.376921114348592382e-05
2.376302644256493048e-05
2.375897768697600009e-05
2.379187119223337421e-05
2.384169060231820184e-05
2.388086020249917830e-05
2.397457544303681961e-05
2.409287220301128442e-05
2.426588354636344518e-05
2.446626696015038929e-05
2.470792600543867540e-05
2.495852313988389769e-05
2.526503291880245923e-05
2.552507490351414721e-05
2.576418350978013170e-05
2.599222714191927811e-05
2.620080677927022136e-05
2.630389037981239585e-05
2.646557027530737575e-05
2.661357417580757778e-05
2.671858309101135791e-05
2.692431809161793463e-05
2.714797554221964025e-05
2.743607279748617837e-05
2.771770947604412262e-05
2.809280137460042851e-05
2.852798338466371823e-05
2.901992957049959621e-05
2.951704739959928273e-05
3.003408496247213406e-05
3.049109368463925971e-05
3.097674911135253530e-05
3.149082836136660006e-05
3.206288588259895937e-05
3.260624075062106431e-05
3.317600978288098943e-05
3.372419083383262732e-05
3.424701665325619298e-05
3.474493862663634042e-05
3.517522322086055232e-05
3.545654620276943603e-05
3.575112488221545304e-05
3.595898562110707956e-05
3.625324433936447620e-05
3.642404105129286047e-05
3.657443181592854708e-05
3.663416469682477007e-05
3.658342349886886582e-05
3.650876390911411695e-05
3.641817326218625781e-05
3.633755292702925063e-05
3.626252596596101028e-05
3.615832936967660824e-05
3.609252163402334925e-05
3.616225356876229778e-05
3.628578982651804036e-05
3.650216630687126620e-05
3.683981955908551768e-05
3.727800902441930509e-05
3.782742746597097475e-05
3.847936588970840566e-05
3.913284944636696936e-05
3.976900821844430844e-05
4.035562618524889209e-05
4.094935062818987059e-05
4.147731232761857085e-05
4.183037902903631762e-05
4.213574267354777084e-05
4.238403728377862327e-05
4.256133808469065617e-05
4.269227056700639848e-05
4.269951277206492698e-05
4.265934093161292354e-05
4.262297735890406732e-05
4.257228885569429907e-05
4.254576252326106554e-05
4.252971372689748775e-05
4.245335638408470006e-05
4.237143948867681982e-05
4.229861039149740431e-05
4.222082728094105671e-05
4.213319446221442267e-05
4.205635451142754333e-05
4.199875730000364460e-05
4.202049636332059763e-05
4.215486391823054964e-05
4.240328907062994833e-05
4.267591587505650732e-05
4.302069663732427472e-05
4.342318277499469109e-05
4.377765628210911284e-05
4.413790475071236591e-05
4.450878378955806531e-05
4.490427977690521818e-05
4.528530797399986981e-05
4.563736253427078896e-05
4.591709561033944370e-05
4.612381842518387121e-05
4.628268488591049182e-05
4.641101410626845367e-05
4.659070853296634705e-05
4.671880621287907188e-05
4.670449292357040181e-05
4.669144335401752451e-05
4.668532148232630574e-05
4.661508348541070976e-05
4.649702590206201535e-05
4.636619924882907483e-05
4.621635045493944789e-05
4.614398959149892347e-05
4.617437227107091223e-05
4.614419399846531999e-05
4.621796637215957581e-05
4.633058421381266046e-05
4.662217565498606893e-05
4.710267649999603373e-05
4.756492939317152023e-05
4.813395117440541493e-05
4.873854327882133717e-05
4.924433808088971801e-05
4.981825438798439479e-05
5.034223232881697863e-05
5.081636996565541079e-05
5.121406315133198404e-05
5.161182080493217830e-05
5.195590565739837286e-05
5.214034713672550513e-05
5.220801954425877481e-05
5.221753106764777559e-05
5.214726849429222964e-05
5.195822185195049948e-05
5.165620131483911540e-05
5.135374675513198171e-05
5.101700926491586387e-05
5.069356037606140113e-05
5.037478734271072511e-05
5.020620600562381453e-05
5.016724921204796656e-05
5.015676467580475802e-05
5.024038743597491075e-05
5.038019575392580721e-05
5.049889333236180951e-05
5.079900372547253937e-05
5.111401861957940145e-05
5.151303413773657570e-05
5.195528780055141613e-05
5.244233267070054060e-05
5.301203492924652042e-05
5.374057352436909310e-05
5.456906882974482675e-05
5.537178124570129190e-05
5.610820552253066064e-05
5.676766480245884483e-05
5.727719604368866190e-05
5.764408830557165523e-05
5.793894565148116627e-05
5.804743296874558152e-05
5.807474659662683388e-05
5.795534459566769811e-05
5.781175576613007717e-05
5.756494408452504045e-05
5.725837139815086706e-05
5.699173763699667394e-05
5.658473471400332633e-05
5.621422571174265921e-05
5.585886765652691398e-05
5.557561880067984125e-05
5.527435336365768385e-05
5.509792746539760467e-05
5.495064266337998556e-05
5.464214472454293359e-05
5.430686754856754901e-05
5.387964824253273569e-05
5.341997909153047789e-05
5.286685912340299831e-05
5.230018185828409858e-05
5.170695075026963267e-05
5.117372329619155561e-05
5.064363330273703029e-05
5.014045780404126264e-05
4.967491953404448799e-05
4.923354998825294621e-05
4.888319393362100616e-05
4.854332835616827733e-05
4.834514319578410001e-05
4.828618367053400060e-05
4.841869618720873528e-05
4.865182163137364742e-05
4.894907527327855851e-05
4.927211899824371182e-05
4.957977246180828457e-05
4.998811065039991761e-05
5.033233034765942967e-05
5.068005506175007717e-05
5.092412832928279020e-05
5.113372905635182875e-05
5.125858874648243652e-05
5.130130774830786444e-05
5.120196325150954807e-05
5.093068007405059713e-05
5.050715362964728911e-05
5.007251191578630887e-05
4.947817222926702459e-05
4.880813434034528275e-05
4.805004951459305746e-05
4.729275789054328619e-05
4.654273428226541904e-05
4.581674863872995697e-05
4.523055552076030508e-05
4.484297412297739288e-05
4.460458600619437042e-05
4.448790449559632352e-05
4.466102474820910894e-05
4.501433933550545458e-05
4.560295686156432254e-05
4.639222649794087164e-05
4.743480646591505170e-05
4.866048709983893713e-05
4.991415784808233939e-05
5.115064811594342408e-05
5.238953522901878233e-05
5.355189136003416644e-05
5.465096209571662558e-05
5.570158013444342828e-05
5.661063479895798913e-05
5.738171188500679285e-05
5.810753474496050189e-05
5.857512319073089179e-05
5.888009573907452415e-05
5.904528484132855800e-05
5.905551546361452377e-05
5.901888519455338218e-05
5.886997228815116310e-05
5.873466902495203933e-05
5.863993550347273466e-05
5.855209425058792959e-05
5.842729991507519816e-05
5.835098621669477115e-05
5.847153906985238549e-05
5.864436532611251758e-05
5.887498519866222677e-05
5.915905783682694208e-05
5.948785035777041322e-05
5.975196882117327427e-05
6.006321569832081490e-05
6.037343447572293600e-05
6.065102385118664990e-05
6.086052327672125326e-05
6.099542875098577267e-05
6.105267122341107890e-05
6.103372917337873769e-05
6.092163483510887410e-05
6.075855932724310779e-05
6.046779131875707793e-05
6.008137350320299878e-05
5.962752755094317351e-05
5.903550418429330711e-05
5.839893424242190070e-05
5.767437955385315389e-05
5.696309979894291671e-05
5.615545536354863299e-05
5.539808073196734930e-05
5.465906615466614282e-05
5.389544055894553761e-05
5.310200790719895106e-05
5.232686872985899129e-05
5.164943211699167709e-05
5.117072857437976810e-05
5.084562597388990208e-05
5.061960371003629191e-05
5.045026714742522744e-05
5.049608130919789901e-05
5.060370159961117501e-05
5.089228717028622135e-05
5.135181788900157820e-05
5.194958627908758796e-05
5.265321656957699503e-05
5.351103324028510036e-05
5.438109339294858700e-05
5.525022922087314582e-05
5.618501708934300724e-05
5.708224731774936243e-05
5.793481565349791352e-05
5.879785444032998524e-05
5.965674333017611120e-05
6.049211968747443893e-05
6.125091015601435551e-05
6.198906550059586542e-05
6.262572976866982808e-05
6.312790082825786141e-05
6.340986056350527821e-05
6.348590961180184799e-05
6.349373489126467363e-05
6.345684742052604133e-05
6.336600558575075041e-05
6.326704781980236041e-05
6.307183923952611963e-05
6.287820868603258284e-05
6.265689185103293004e-05
6.238888800616385413e-05
6.200882112326075533e-05
6.165307255465331260e-05
6.134717319268459361e-05
6.099355596871991816e-05
6.056962882987077922e-05
6.019236793275894917e-05
5.992522844624266921e-05
5.975157228405112569e-05
5.965997945600652694e-05
5.963137381399189873e-05
5.963591599085808163e-05
5.981520558214880722e-05
6.009599392690944449e-05
6.045361484192631266e-05
6.085618176195799808e-05
6.131448764465363688e-05
6.180886912260244795e-05
6.227617771507019690e-05
6.272407034378765702e-05
6.317620190020550430e-05
6.357998704249864710e-05
6.388113064965733265e-05
6.401558207942941846e-05
6.400568833928152370e-05
6.381432839354210518e-05
6.350477727325393260e-05
6.315024345429133025e-05
6.269270353161972287e-05
6.225020026529395380e-05
6.180511217966145644e-05
6.142747552878189896e-05
6.105786154262163572e-05
6.072993289615413303e-05
6.045198371739562201e-05
6.028023368373611104e-05
6.020438804061852608e-05
6.007917781439048224e-05
5.996710837499188637e-05
5.981784981963782395e-05
5.966137386448973779e-05
5.940935806313790962e-05
5.912594212305224799e-05
5.872122044445541016e-05
5.829811764817313495e-05
5.777940814880814374e-05
5.726430422735794522e-05
5.675208578009469877e-05
5.618647913307355576e-05
5.559201601388827352e-05
5.485855679991278547e-05
5.410711620923555534e-05
5.335295097082335541e-05
5.257254862856496590e-05
5.177008922783847035e-05
5.098904921110793565e-05
5.037855490270853800e-05
4.977973304132752089e-05
4.934044635624258799e-05
4.906905401127982427e-05
4.894378677857932122e-05
4.887734577189376938e-05
4.908982490656990834e-05
4.944612323646300003e-05
4.998726733061579532e-05
5.083282390676681708e-05
5.185805610249429043e-05
5.306443171317596925e-05
5.448424396195061890e-05
5.591549394041376696e-05
5.741240517590005896e-05
5.896800429384127865e-05
6.051410280625256228e-05
6.193819806355458681e-05
6.325509358494601619e-05
6.447956836712971825e-05
6.553756748067102178e-05
6.650674947348959344e-05
6.741019631722566623e-05
6.818229840372422128e-05
6.887777773314563735e-05
6.951688448131494724e-05
7.000068509445997022e-05
7.022052506423716745e-05
7.033860998854294267e-05
7.033590975772004150e-05
7.026823694696125028e-05
7.006888848095054866e-05
6.986583813430914409e-05
6.962707933907464654e-05
6.936068253267293083e-05
6.911140653638242135e-05
6.888402860876787458e-05
6.865763474623589550e-05
6.850847906473504084e-05
6.843339458368160634e-05
6.853650476812151587e-05
6.870710173699837425e-05
6.898032016738431076e-05
6.932131559344526656e-05
6.972388559980306853e-05
7.019728058388916350e-05
7.064010876681127340e-05
7.101132545875863192e-05
7.143891205740274947e-05
7.189772487202288585e-05
7.234304715493891126e-05
7.268500662490067366e-05
7.293775176922361048e-05
7.315141195975399368e-05
7.327160165573182431e-05
7.341721331571718703e-05
7.349609465969006872e-05
7.358667657928559449e-05
7.369901293634349791e-05
7.376030562453400694e-05
7.373607590429708935e-05
7.353426864438494023e-05
7.331353230494587047e-05
7.312257132320175608e-05
7.291973408037532786e-05
7.260856755814614448e-05
7.224558373741254372e-05
7.177431140158499999e-05
7.123678235363404589e-05
7.076923506818197374e-05
7.032732229366844400e-05
6.979933148731963608e-05
6.926305844250893375e-05
6.877611946435907998e-05
6.849418472946154374e-05
6.825782244320886729e-05
6.812721663388896214e-05
6.805555381636714009e-05
6.796843358665123971e-05
6.797025251696175562e-05
6.814371339684203565e-05
6.836628247838198291e-05
6.867194853114747324e-05
6.907306402645580282e-05
6.952641889634251105e-05
7.000848100625401728e-05
7.027005015635074195e-05
7.043196316118777254e-05
7.045941329234450476e-05
7.033833391810733349e-05
7.011904361678173315e-05
6.978351351933980914e-05
6.945906350868118369e-05
6.903032262055546885e-05
6.851061457563737637e-05
6.787531826519231388e-05
6.723101191400434988e-05
6.660632445705408442e-05
6.601429236487306972e-05
6.543184734571834849e-05
6.484664538697934143e-05
6.441230558112140750e-05
6.415293170657207413e-05
6.395266235746134564e-05
6.382060403108764848e-05
6.381679269304918120e-05
6.403023057913995088e-05
6.449401142677620158e-05
6.506151434821814353e-05
6.580276426640732645e-05
6.667454588804729541e-05
6.766061621328524518e-05
6.868707669047905556e-05
6.980486459013117602e-05
7.101407675984619527e-05
7.235121600098002714e-05
7.369291816354431139e-05
7.510106481991424537e-05
7.649565105607579636e-05
7.778725440122789998e-05
7.892272926140325977e-05
7.991398370524251289e-05
8.062175518870596212e-05
8.113612214259398932e-05
8.158631826279581171e-05
8.186061769621059275e-05
8.204515742488540167e-05
8.205930375852960902e-05
8.193660414432507155e-05
8.175597336026378757e-05
8.149673193709331201e-05
8.121421464248436764e-05
8.089729626944964190e-05
8.054404790534765071e-05
8.011397109979436545e-05
7.975142512766763680e-05
7.949256959020563947e-05
7.929163873942734076e-05
7.917639249454600826e-05
7.901132862924017345e-05
7.890544057229803565e-05
7.880032792344281254e-05
7.881207462940719062e-05
7.881253221648056636e-05
7.886432161439266546e-05
7.904928512097086826e-05
7.930878601848830034e-05
7.959557494595240548e-05
7.988430823869857242e-05
8.024711645270704834e-05
8.068829754883494708e-05
8.101038786871301699e-05
8.138948958522572961e-05
8.181731158088303545e-05
8.233570688446025833e-05
8.281937531542861875e-05
8.319086078295600314e-05
8.347550803871923043e-05
8.367113306985321085e-05
8.375467741755543861e-05
8.389921161882436980e-05
8.408374194034042449e-05
8.424378955642025744e-05
8.428101379334034578e-05
8.430934288788135937e-05
8.440546965478670262e-05
8.434521078129789910e-05
8.423744928692854326e-05
8.414214904678949964e-05
8.402725546912239232e-05
8.407635465456590046e-05
8.412276961168639686e-05
8.422296143843007073e-05
8.438587348900072026e-05
8.455656563601551910e-05
8.475906855011795370e-05
8.486832152221812555e-05
8.502464282862849405e-05
8.522160569079950676e-05
8.544436060342575859e-05
8.570952049973023287e-05
8.619370374466869301e-05
8.668780225927030618e-05
8.718813708735186595e-05
8.773851719006450344e-05
8.832432199724709297e-05
8.891220115853364254e-05
8.944871387850026039e-05
8.998427411994862086e-05
9.049531541028199219e-05
9.093828850245157247e-05
9.122721343136138295e-05
9.143906592191291052e-05
9.164861767763630724e-05
9.181736569431543822e-05
9.205010941288694140e-05
9.229201695823440778e-05
9.245597636583114277e-05
9.262097597800128795e-05
9.274438144310341321e-05
9.281747911035330856e-05
9.282407696899804689e-05
9.279633347261293744e-05
9.275660823916643486e-05
9.274419522311812616e-05
9.283182335514527251e-05
9.292811789169427936e-05
9.303365255190960449e-05
9.312601946451974731e-05
9.313552010950228253e-05
9.317965967260124962e-05
9.313505722342396535e-05
9.303205744320074914e-05
9.290332829734457894e-05
9.270431204540664338e-05
9.247711246213789846e-05
9.224190147117826335e-05
9.184724108996585208e-05
9.118638532286187873e-05
9.048350098495798032e-05
8.960673253883156414e-05
8.866054623252249238e-05
8.756653940194874738e-05
8.645500752354747052e-05
8.528931556666384008e-05
8.400008611409814745e-05
8.268505423782222634e-05
8.130468450313899087e-05
8.001504730811891467e-05
7.874444833751300613e-05
7.759997610703637215e-05
7.656675373431999238e-05
7.573317006342040591e-05
7.507383667237205443e-05
7.451097576490297615e-05
7.409962558971143216e-05
7.373498156646243751e-05
7.357483272928458645e-05
7.346205905563488962e-05
7.341502260008441610e-05
7.345249431380364898e-05
7.348540395614672292e-05
7.352923119331277856e-05
7.350706856277145363e-05
7.356378276449971644e-05
7.370596249013812700e-05
7.396051245337181401e-05
7.423979157268590333e-05
7.461116069622719324e-05
7.501975702779858316e-05
7.545165156501519154e-05
7.592793258046092765e-05
7.648859880730472967e-05
7.721978365551863087e-05
7.803825756311536747e-05
7.885528951645092311e-05
7.972671989326253050e-05
8.063084918351586926e-05
8.155295301740320135e-05
8.252708547369939831e-05
8.361513501613270557e-05
8.464993631227067227e-05
8.563230994860734392e-05
8.653315070571230682e-05
8.732337210649355769e-05
8.802783108027237985e-05
8.870811708074413920e-05
8.918208313475790849e-05
8.959814389748862930e-05
8.999423606265047164e-05
9.040929176643095616e-05
9.081240789334129281e-05
9.114034201878479236e-05
9.140136943885349315e-05
9.174672488456543044e-05
9.198732622303271676e-05
9.223749073733087615e-05
9.245580507276926832e-05
9.272361244291708621e-05
9.302924870513158261e-05
9.329798367974887364e-05
9.357617817440703166e-05
9.381398826102942557e-05
9.399374836445233659e-05
9.423120024776244965e-05
9.446339516502486825e-05
9.477254263969404988e-05
9.514683297423716640e-05
9.551433178733588058e-05
9.593505846988031362e-05
9.637512891478715489e-05
9.679927438985887634e-05
9.710190128130397405e-05
9.740754622733971066e-05
9.775277928983252922e-05
9.808995826989658218e-05
9.845266366278581770e-05
9.886100543205671512e-05
9.932885330242284278e-05
9.984432982372733190e-05
1.005418144799490867e-04
1.013111011972053256e-04
1.021050936661541640e-04
1.029663637145139272e-04
1.038765668567130781e-04
1.048177456819966149e-04
1.057004684343554541e-04
1.065567297711752940e-04
1.073300535407805236e-04
1.080037635523054375e-04
1.085488345935956001e-04
1.090592995049262858e-04
1.094718117301337213e-04
1.098557080018986018e-04
1.100445010224957408e-04
1.101449983580601302e-04
1.102509119491220085e-04
1.101353884494767153e-04
1.098549114850975181e-04
1.095782569948339832e-04
1.091531036512388133e-04
1.087177460571187894e-04
1.081401256607497684e-04
1.074566093844418020e-04
1.066175915579466562e-04
1.057236720289461132e-04
1.047033693195986020e-04
1.036980313817179120e-04
1.027090982758084798e-04
1.016263842357556860e-04
1.005568883731360313e-04
9.946659140146923202e-05
9.831562670592291185e-05
9.711526838131288170e-05
9.598714070369800209e-05
9.484202906955745485e-05
9.379258921806191401e-05
9.270821606298883764e-05
9.165998574366194650e-05
9.060334538000570925e-05
8.950925913439003890e-05
8.862566684578936180e-05
8.778497427587854569e-05
8.693759985412615344e-05
8.619641720263081317e-05
8.555920628421748945e-05
8.514469747995280502e-05
8.466937394179668841e-05
8.414497456167438841e-05
8.368505795199737696e-05
8.324741429493098723e-05
8.278639501959814389e-05
8.234198657506490524e-05
8.198409780041501695e-05
8.164907691809390050e-05
8.139875142120693661e-05
8.102957300160562246e-05
8.048381048920082680e-05
7.980487690463131632e-05
7.896343775192578209e-05
7.798247153344075189e-05
7.708574980367743738e-05
7.611303489435449019e-05
7.507179094547059093e-05
7.402656447260931930e-05
7.292459323999947798e-05
7.196613096721094817e-05
7.096147095598734356e-05
7.001097291351365739e-05
6.925395168789268575e-05
6.863584211084367264e-05
6.816274408513137584e-05
6.791579190625236795e-05
6.778432720600359798e-05
6.777776294658718545e-05
6.790372531735198655e-05
6.811528302548683009e-05
6.852390946111396996e-05
6.896916088527081396e-05
6.965433699788461594e-05
7.036185265058480728e-05
7.108102239091504231e-05
7.185967794516665702e-05
7.266272751109339057e-05
7.346489732754514067e-05
7.421407333419512576e-05
7.499356998279292988e-05
7.575531241795765633e-05
7.655943242798092518e-05
7.725398726003088884e-05
7.791560648318822998e-05
7.855746871711193069e-05
7.911848043828798634e-05
7.953523612670460475e-05
7.988206666704599380e-05
8.017177592513726782e-05
8.048912258970660968e-05
8.080583839376878023e-05
8.103266729272051629e-05
8.134915766588781544e-05
8.159963195123452230e-05
8.192730810598514591e-05
8.231659277534891014e-05
8.279291139867738306e-05
8.338710902124828010e-05
8.413962028839812139e-05
8.493009099986908658e-05
8.575518532350368938e-05
8.649360784299142159e-05
8.718229593980694140e-05
8.787158240377895748e-05
8.856405525445331696e-05
8.925728831062290994e-05
8.996115116937243150e-05
9.061294073432974230e-05
9.125727575820508607e-05
9.191794354797072023e-05
9.245807402202105806e-05
9.304019275033887336e-05
9.353366246417805108e-05
9.391708293927177216e-05
9.419076098388828085e-05
9.432203430741767456e-05
9.439659356768801118e-05
9.438204532809441917e-05
9.429161881372946120e-05
9.418599112484841909e-05
9.396002035857271232e-05
9.356662770940442526e-05
9.315967951265718191e-05
9.274645088705631146e-05
9.234702019183225769e-05
9.203613392842497493e-05
9.179244693876197850e-05
9.155549517020952332e-05
9.136418497024368594e-05
9.123037401406991053e-05
9.106948031821721166e-05
9.084518820238563028e-05
9.055667488537554911e-05
9.017423490967596111e-05
8.969091976467416256e-05
8.908534540303498193e-05
8.836429233212905396e-05
8.751415375378608641e-05
8.660772380176433912e-05
8.570081874588865532e-05
8.475832076858930662e-05
8.388452445884809344e-05
8.310640849830354306e-05
8.242137864337322276e-05
8.183813120296264988e-05
8.134789534103021701e-05
8.093741646987876685e-05
8.072178339697377164e-05
8.062794754518131431e-05
8.079452201006323987e-05
8.116393437005754458e-05
8.160761154863836915e-05
8.220946350238087039e-05
8.288518409848048222e-05
8.359425695161036562e-05
8.438299590960254056e-05
8.512156569679936793e-05
8.594429508197308672e-05
8.677554044452006395e-05
8.754675467973784247e-05
8.833706666172059553e-05
8.898930155211708277e-05
8.951850254306078711e-05
8.995718790119080176e-05
9.019334555523386351e-05
9.045277767602793832e-05
9.053453405120340421e-05
9.049034542543731366e-05
9.032447459941675763e-05
9.011069071666346058e-05
8.987604691996033991e-05
8.955869199221515569e-05
8.906307723213378533e-05
8.847569138208501507e-05
8.793875442913274242e-05
8.738448220144004810e-05
8.672186537355818393e-05
8.626668185457778137e-05
8.586573995250483277e-05
8.549492196669686728e-05
8.523855584175571952e-05
8.504581532205808710e-05
8.492548897946934627e-05
8.476312705462687135e-05
8.449232946761760666e-05
8.419370303842552920e-05
8.380695156276322683e-05
8.350162397830157655e-05
8.315713855340436250e-05
8.295253548332691147e-05
8.270072185396430253e-05
8.245387339102857194e-05
8.225937616440583047e-05
8.208735243427111358e-05
8.193296474706505961e-05
8.176733410288441507e-05
8.165478977551496667e-05
8.166359408782661571e-05
8.174919301585524458e-05
8.195134635381122034e-05
8.230583553793145105e-05
8.275531498659898129e-05
8.319926754083773780e-05
8.370568751742211554e-05
8.434765510539259190e-05
8.497316331000431475e-05
8.565837459080353784e-05
8.636850202767699502e-05
8.700782998468411904e-05
8.765065524809372878e-05
8.822321801869653299e-05
8.872181347359452217e-05
8.916867259595043574e-05
8.947714718383111953e-05
8.957604719933239847e-05
8.948374366091139866e-05
8.925248469186829788e-05
8.899607247087938135e-05
8.869240912008971838e-05
8.831893355502721827e-05
8.797067618137948374e-05
8.757182146073118952e-05
8.712950999614223983e-05
8.680954599818630803e-05
8.653703155218049354e-05
8.626614002065630116e-05
8.605295046183638729e-05
8.590769802729880666e-05
8.587252050421781847e-05
8.610107294193015959e-05
8.650868447791478302e-05
8.711700013266010425e-05
8.783380656037431330e-05
8.875397796392989896e-05
8.971105539012349996e-05
9.073363186991941116e-05
9.180579439171498556e-05
9.289493484629233241e-05
9.396012569544171401e-05
9.491508347405405287e-05
9.572822970476020654e-05
9.644093851237983597e-05
9.703557865852504953e-05
9.749637615177018934e-05
9.788446452451673909e-05
9.810063912759877172e-05
9.812756686844730132e-05
9.801925549077358194e-05
9.783031224015476934e-05
9.764158770240809714e-05
9.743072398992781713e-05
9.726014968156038686e-05
9.718082201769055739e-05
9.700233879146645619e-05
9.685756967997549965e-05
9.664084237553775564e-05
9.645860513019281161e-05
9.632839235906832075e-05
9.625307217148604700e-05
9.613330621030709289e-05
9.595222489851805425e-05
9.585420427398469792e-05
9.572985734844941409e-05
9.556593554161903811e-05
9.542024835020989498e-05
9.538000007185804506e-05
9.533733421287322266e-05
9.517255618611141117e-05
9.494506179866224992e-05
9.471964392324442282e-05
9.440704153190391211e-05
9.402276790466067811e-05
9.351104438774630618e-05
9.290877254979415523e-05
9.223399774032140213e-05
9.152745707259211591e-05
9.077525301967083200e-05
8.998079284487994767e-05
8.913005250583082816e-05
8.825352299332079372e-05
8.732368595672213279e-05
8.642024530609187551e-05
8.542315731188763594e-05
8.436611247318614483e-05
8.338292421257280113e-05
8.256706942497203487e-05
8.174432368500991579e-05
8.102617547017679309e-05
8.053875656148198111e-05
8.019475133619953944e-05
7.981738618583291735e-05
7.955536249981383715e-05
7.928974813333660495e-05
7.917695387365923394e-05
7.912756124168974971e-05
7.918537015851956698e-05
7.921523552415128157e-05
7.933900561255761291e-05
7.947924369409423064e-05
7.963661517020861804e-05
7.971374469470967998e-05
7.979080004844475021e-05
7.977214645001854277e-05
7.982461121759621640e-05
7.972635818848138652e-05
7.962550974594591758e-05
7.953214078369264320e-05
7.937181618511554224e-05
7.922391592167651268e-05
7.906106980537844480e-05
7.898482180808635931e-05
7.904290656087311663e-05
7.910750340087168743e-05
7.930552039721631367e-05
7.960224370534259644e-05
7.996417741526517294e-05
8.034926391433652379e-05
8.087790028285404918e-05
8.132350429128766371e-05
8.168112815705994879e-05
8.198325330056703553e-05
8.228721613575253144e-05
8.264677901256996771e-05
8.289215085403791195e-05
8.310384318215794514e-05
8.326409250295852080e-05
8.343021301928461777e-05
8.354771705247144090e-05
8.361659292559252884e-05
8.374946709353652506e-05
8.393976167750665397e-05
8.415191230400390857e-05
8.442909072161339581e-05
8.467761291094835600e-05
8.494881640949529262e-05
8.521638881233003452e-05
8.538364451893829324e-05
8.547182844979329952e-05
8.548164150113779069e-05
8.563421819714168385e-05
8.573986098883463070e-05
8.592911383650391356e-05
8.607786591437801161e-05
8.632245366057146162e-05
8.661069957736759230e-05
8.688894703943474650e-05
8.715110744904265745e-05
8.748648332326455779e-05
8.782661280675710305e-05
8.819993235569542969e-05
8.861640207810217006e-05
8.913549470793234036e-05
8.967780459761241513e-05
9.021911025747274618e-05
9.091607784343451980e-05
9.175101420494412904e-05
9.263012309024135429e-05
9.363908194145152426e-05
9.471094809504010479e-05
9.581804542906297364e-05
9.691875050793074143e-05
9.801641852715339571e-05
9.912273371257137537e-05
1.001808704575242633e-04
1.012153797601137491e-04
1.021990264596599586e-04
1.031974180206979936e-04
1.042088583085717338e-04
1.051391606646627508e-04
1.059673897369989640e-04
1.067674302018510471e-04
1.074731354837913603e-04
1.080834688669093024e-04
1.086580953309276973e-04
1.090684206043991081e-04
1.093448082862813735e-04
1.093394186463114834e-04
1.093793695736623066e-04
1.093047559668340087e-04
1.091817378911695774e-04
1.089918722778095671e-04
1.087165614469759543e-04
1.083619796581324632e-04
1.079404393617756398e-04
1.074722855255552971e-04
1.070229737062164789e-04
1.064440635396339757e-04
1.057276173913349005e-04
1.049391587582811178e-04
1.040650539141135984e-04
1.030801850176264051e-04
1.020341455851700918e-04
1.008002405236280976e-04
9.944999084632441186e-05
9.801396691625613965e-05
9.652093774715402117e-05
9.499881777773507008e-05
9.343844404156149107e-05
9.183720136285336132e-05
9.027819139554389607e-05
8.873999190998904663e-05
8.724531523872066166e-05
8.569493526301762230e-05
8.422561064612595072e-05
8.279653296478731855e-05
8.139691105241879995e-05
7.998270330737320376e-05
7.872148367541690478e-05
7.750508108920366786e-05
7.635677840897754642e-05
7.530565768779215116e-05
7.434808728833347622e-05
7.349164434884171686e-05
7.282318838232055679e-05
7.232465003633782065e-05
7.188066281652147251e-05
7.150426853134170604e-05
7.132672812933452382e-05
7.123174920475048091e-05
7.130948704077075522e-05
7.145325370012348565e-05
7.179224287122258370e-05
7.230916313753668438e-05
7.296662805754438631e-05
7.372012561682325053e-05
7.454964988443774868e-05
7.552422676425937873e-05
7.652533300067936202e-05
7.762884206532398666e-05
7.872013518462749482e-05
7.978939520915438819e-05
8.082435186882786816e-05
8.187682799278440254e-05
8.289479683652809915e-05
8.388743951022600235e-05
8.501670546747072330e-05
8.631055709951195379e-05
8.760023607301819105e-05
8.886943991827215856e-05
9.014667037856867026e-05
9.133693748173321494e-05
9.244699613535512644e-05
9.349338636257078280e-05
9.444085637946787910e-05
9.528717554255639998e-05
9.601423720553804112e-05
9.666250743657926400e-05
9.724172901181215266e-05
9.767767432942975857e-05
9.788853510388705829e-05
9.795677719968997645e-05
9.786123575687341852e-05
9.770023547214150370e-05
9.735981781280476834e-05
9.703200108220544004e-05
9.660574538301988819e-05
9.610121419195087177e-05
9.550663616219950101e-05
9.487946520297994932e-05
9.416485405199989927e-05
9.338288108544563239e-05
9.247577302718302129e-05
9.155865851500385837e-05
9.060903847841648377e-05
8.962861909707299426e-05
8.858557215645455896e-05
8.755380712502022766e-05
8.652780591250435437e-05
8.543087617277793974e-05
8.429349426262089037e-05
8.315941557398545594e-05
8.206745279749308886e-05
8.109400687556801973e-05
8.027549096820596388e-05
7.952440987192869407e-05
7.879990533815595371e-05
7.812114297523105322e-05
7.750773853551289842e-05
7.710592629082155345e-05
7.675811518586541597e-05
7.646594743627587072e-05
7.618087188810340141e-05
7.586110466676482256e-05
7.553853532254063002e-05
7.544957780219096934e-05
7.534403296756094805e-05
7.523598922940378901e-05
7.501788873331808900e-05
7.489432183083340449e-05
7.483017889323931998e-05
7.491580617429783370e-05
7.514859710196653692e-05
7.538166855249723262e-05
7.575338911071491290e-05
7.615029198529985142e-05
7.661509896665912468e-05
7.718843216516471824e-05
7.796618685483342349e-05
7.881346188608336859e-05
7.975615510990479232e-05
8.077175369555203086e-05
8.199180003154286651e-05
8.320469780315545294e-05
8.443764709942388168e-05
8.580207529859445667e-05
8.729670335749426229e-05
8.882615616927647811e-05
9.046897955162992895e-05
9.219284760256479631e-05
9.383207373957961998e-05
9.547728145234012000e-05
9.707892532066070539e-05
9.860684006018688354e-05
9.996866473715039069e-05
1.013053966336318560e-04
1.024774900081897467e-04
1.035808583323683234e-04
1.045553021081207373e-04
1.055174758017168868e-04
1.063357870616468042e-04
1.069987501118389297e-04
1.074539942147581311e-04
1.077358934344894471e-04
1.078514008241682979e-04
1.078233404522149774e-04
1.077038184304963432e-04
1.075582519824239700e-04
1.072105197274166467e-04
1.067708719500062940e-04
1.062502258030123634e-04
1.054584458476446164e-04
1.045327545350305471e-04
1.035941100703880640e-04
1.025925046439028201e-04
1.015465957503500867e-04
1.003346976465118411e-04
9.901106938966727517e-05
9.758488574401053255e-05
9.619615422093170509e-05
9.494492499939892645e-05
9.371895060151841286e-05
9.242942293844359086e-05
9.126005443925726442e-05
9.022478548616295196e-05
8.922729189303490755e-05
8.832520003338915036e-05
8.745413281923428237e-05
8.670390265474677872e-05
8.607608645424570659e-05
8.546785616523450667e-05
8.489710286180263653e-05
8.439141563345328549e-05
8.391646408373049787e-05
8.356488037920264608e-05
8.324366564344204758e-05
8.294138033382693689e-05
8.270391794879786325e-05
8.267975649601524372e-05
8.270827551843664641e-05
8.285627811876615685e-05
8.299011150321488131e-05
8.320811493196767720e-05
8.347011631580278628e-05
8.370342623667363646e-05
8.397426329281594114e-05
8.416394011766172457e-05
8.421220771399515973e-05
8.412924667468475465e-05
8.388683905715039503e-05
8.340673724416193969e-05
8.279762507754171580e-05
8.211022839287832487e-05
8.132849349425238464e-05
8.060081630625859882e-05
7.988969137016259728e-05
7.917120154472920713e-05
7.862343006878841183e-05
7.818225406519031806e-05
7.791504620830455932e-05
7.785560754830370481e-05
7.798769681462787342e-05
7.817131830677539507e-05
7.851235869223182392e-05
7.897173794419592996e-05
7.963918233557692235e-05
8.036110732669271128e-05
8.114537753752622175e-05
8.201815214961094384e-05
8.280016787027340720e-05
8.356881110137400967e-05
8.440893956158294995e-05
8.528746314372017811e-05
8.605149301946712296e-05
8.685663005737894685e-05
8.767471409611496402e-05
8.845557520729485992e-05
8.931158326110500822e-05
9.027714860011836536e-05
9.116714321442476524e-05
9.194603006111730890e-05
9.266236922078402091e-05
9.335784553206555401e-05
9.413696934381548306e-05
9.505603118903143897e-05
9.596624189713259638e-05
9.691393360986043978e-05
9.798358970613044432e-05
9.907686625435375549e-05
1.002417328032383830e-04
1.014574790847629646e-04
1.027627312221593772e-04
1.040029511200768605e-04
1.052814089996327021e-04
1.065932898045087200e-04
1.078248500133982806e-04
1.090834833995017955e-04
1.104207653530992189e-04
1.116022617205020750e-04
1.127310911464888231e-04
1.136938717415414716e-04
1.146715494270704634e-04
1.154337043043091732e-04
1.160495487205300729e-04
1.164779207569638679e-04
1.167710783016518350e-04
1.169544763008242534e-04
1.168402293291151590e-04
1.165775131612675807e-04
1.161512559482013197e-04
1.154550637346687860e-04
1.145601782332361001e-04
1.134929066009621396e-04
1.122792961547117163e-04
1.109193725204269537e-04
1.093312906147562730e-04
1.078182981251789253e-04
1.063208869598727610e-04
1.047284754651906609e-04
1.031239022239424695e-04
1.014995701071394604e-04
1.000099796230929016e-04
9.857159620495041519e-05
9.727762729745735668e-05
9.603419233346788698e-05
9.484226687743934833e-05
9.377256408882480004e-05
9.285071575778269456e-05
9.204997229889772502e-05
9.127343336769308188e-05
9.046809509313433716e-05
8.977759224129428645e-05
8.921984825509005762e-05
8.866226696204924061e-05
8.818206917923429849e-05
8.777885697724952495e-05
8.753002157001785015e-05
8.732846965638313506e-05
8.722054955034494982e-05
8.720712961635265163e-05
8.745096153262108679e-05
8.789304839569578309e-05
8.840291913825976382e-05
8.900197494386891985e-05
8.974616578192435266e-05
9.052042381823112785e-05
9.135071278426447079e-05
9.226589601495126594e-05
9.321174908428272055e-05
9.422519188955857765e-05
9.524980521569863853e-05
9.625244151774728883e-05
9.726526685088483868e-05
9.813559633692987751e-05
9.884754108609172807e-05
9.956430809325805646e-05
1.002296173023060248e-04
1.008275272678145354e-04
1.012353966640284217e-04
1.014371095872587669e-04
1.015790441074148481e-04
1.015453316506293542e-04
1.014342381066146844e-04
1.012701653531830615e-04
1.009561516632538148e-04
1.006339219071515677e-04
1.002976961513508177e-04
9.986234332340436070e-05
9.945146814978377079e-05
9.908672964227874507e-05
9.866026328675088844e-05
9.819055098883046860e-05
9.774763107007068252e-05
9.735765273568544511e-05
9.695881320985705407e-05
9.654649376738112885e-05
9.618352892024658717e-05
9.585479331822581613e-05
9.545720130897455361e-05
9.503239243932419533e-05
9.456976689170006837e-05
9.408129341592879735e-05
9.360917437030425153e-05
9.301835775477691661e-05
9.246814020247664558e-05
9.199976513178025148e-05
9.160236507273298440e-05
9.120438420647815868e-05
9.086033531652357859e-05
9.054170999642815847e-05
9.021514755956313615e-05
8.990143799998575984e-05
8.950020869901158423e-05
8.905183862250123407e-05
8.853401269043889923e-05
8.806360660911763307e-05
8.755764197794675685e-05
8.694218470743436070e-05
8.633655141636309947e-05
8.569560817964455655e-05
8.513493479363090470e-05
8.460072343188579022e-05
8.408146435839901952e-05
8.366043712771471710e-05
8.319634250549315900e-05
8.278182980563867765e-05
8.243307373316923013e-05
8.224510501814803667e-05
8.221981294354279834e-05
8.230713805752374289e-05
8.253940943562208810e-05
8.273106228304488285e-05
8.308933675294893472e-05
8.351155192755203589e-05
8.398270504530850906e-05
8.453177480690677887e-05
8.521306180339258910e-05
8.606303845334385434e-05
8.704206859004169801e-05
8.810003869949068790e-05
8.942254237928723339e-05
9.071266203643018819e-05
9.204692469006240090e-05
9.336292246554431760e-05
9.470809387381235768e-05
9.616803636801460244e-05
9.756045846983751445e-05
9.894547380981323810e-05
1.002649314059107051e-04
1.015954099741437234e-04
1.029854642379760682e-04
1.044146012124483628e-04
1.057478503196537757e-04
1.069995058716465301e-04
1.082826970769457716e-04
1.094393568747992641e-04
1.105760396982054770e-04
1.116915998049731844e-04
1.126190337520585486e-04
1.135096767017734201e-04
1.143325627911068783e-04
1.150704295691909766e-04
1.157027269631744158e-04
1.162163456608997919e-04
1.165897682121170252e-04
1.168342926680446519e-04
1.169829779063436426e-04
1.168916591406732926e-04
1.166275073740497903e-04
1.162628818980488430e-04
1.156264076575381182e-04
1.148624832451314911e-04
1.140023343023894653e-04
1.129076402130816401e-04
1.117999940457173672e-04
1.106356040445992655e-04
1.092644530464253290e-04
1.079814557915211113e-04
1.065710462766149931e-04
1.050796738632593565e-04
1.035939290853184680e-04
1.021370027467494168e-04
1.007553573396544012e-04
9.952566675214247725e-05
9.826145153583128091e-05
9.708185262580692684e-05
9.597638674098028181e-05
9.495696781787335908e-05
9.403018897186478722e-05
9.314367664660263939e-05
9.227037015963176960e-05
9.146687386488161486e-05
9.066054268110556799e-05
8.992102598138465488e-05
8.927597902612534851e-05
8.880983938717253081e-05
8.843438872048860547e-05
8.812110428062583378e-05
8.791689046283373502e-05
8.783154356909492026e-05
8.784421516476112468e-05
8.787895280343348357e-05
8.795036054782135859e-05
8.802223808157918269e-05
8.817888939068084866e-05
8.838421884678178755e-05
8.862993485554747451e-05
8.898790007524199318e-05
8.941385687987043682e-05
8.990139960073724370e-05
9.041195778052978516e-05
9.099332371533225099e-05
9.159583449592394785e-05
9.220862572455754483e-05
9.286566933156133966e-05
9.348705521475394672e-05
9.416553802199468994e-05
9.471835710008142187e-05
9.522302823789712076e-05
9.584255730061392274e-05
9.648049517676333346e-05
9.715999915200438774e-05
9.773539110148881260e-05
9.826833051454931123e-05
9.879346828755241304e-05
9.917922013409283255e-05
9.942800264363448135e-05
9.946047396884019533e-05
9.919340407337309297e-05
9.866212698033413695e-05
9.789239593401834975e-05
9.698421238869521857e-05
9.589463050239444876e-05
9.481260583533773420e-05
9.344312689113824181e-05
9.199254285139225190e-05
9.051855150367469488e-05
8.899298817590815727e-05
8.749661697622927899e-05
8.605791325826204347e-05
8.470281238203336473e-05
8.339402762525568828e-05
8.224913891842369849e-05
8.111847095704130105e-05
8.004233855133692510e-05
7.911721683578594802e-05
7.836994586275574867e-05
7.781125038813091477e-05
7.749582389833585636e-05
7.722945565874896143e-05
7.707109447875701985e-05
7.716663105489804733e-05
7.759880104104687360e-05
7.823163141665984664e-05
7.896697155573915560e-05
7.975574894049201891e-05
8.071846870772033614e-05
8.180178588661581908e-05
8.297235162377214999e-05
8.413356925591954517e-05
8.534099686715592662e-05
8.663296382649323269e-05
8.792299665807219635e-05
8.922459286441191285e-05
9.052459332191040414e-05
9.176030751454559552e-05
9.296692053735987078e-05
9.405961291171537411e-05
9.509631786475678580e-05
9.602090456287126763e-05
9.696198301762076321e-05
9.778041988434908044e-05
9.853351620740281869e-05
9.926774882707391310e-05
9.987897069271042382e-05
1.003402796691213895e-04
1.007176830380745102e-04
1.009237410167278465e-04
1.009738296363132861e-04
1.008306537529556285e-04
1.005209475492843630e-04
1.001341155296761988e-04
9.961435082375452634e-05
9.906489101229600750e-05
9.858143873216608597e-05
9.808009764555793587e-05
9.767390930556123837e-05
9.737118462044779509e-05
9.701002112395547099e-05
9.672160558916922252e-05
9.653602567059275247e-05
9.643029506198135502e-05
9.639176545364310303e-05
9.638539179295457174e-05
9.635145050541351827e-05
9.627731291576271857e-05
9.617489022744859280e-05
9.599601166349947846e-05
9.577907881917974500e-05
9.544624965359088491e-05
9.515242178055203972e-05
9.474141880138112724e-05
9.436296075955531628e-05
9.388380222767383956e-05
9.350284855791151858e-05
9.306406683477601045e-05
9.268475903098205137e-05
9.241209622363121771e-05
9.218551147508054992e-05
9.206529259820760581e-05
9.202194689806491353e-05
9.206731445992081490e-05
9.220043872003986195e-05
9.253574619612586587e-05
9.283494513218299229e-05
9.323542178070909781e-05
9.369401597780541071e-05
9.419678547531592453e-05
9.476661183204003556e-05
9.540586912922313905e-05
9.598000572194240968e-05
9.650435290526791169e-05
9.702588038901541981e-05
9.752408256869784728e-05
9.797301512120539999e-05
9.830347756689249584e-05
9.850278076025591276e-05
9.847290062918348345e-05
9.824967439648821244e-05
9.792660342823914996e-05
9.725523202611661196e-05
9.645894078718719820e-05
9.551825387025354372e-05
9.428833673945792148e-05
9.298655241476657968e-05
9.166840243264335209e-05
9.030072092697249714e-05
8.900403381209066357e-05
8.779885421690992314e-05
8.652138673135320677e-05
8.526725667973127087e-05
8.400827872038737262e-05
8.277000161417496192e-05
8.160905389618055249e-05
8.048375666858055728e-05
7.958651151166471014e-05
7.879704296407654893e-05
7.809625058027337436e-05
7.753456019334058810e-05
7.709219443908154820e-05
7.680138369200138759e-05
7.656605055058013191e-05
7.656237006441787406e-05
7.682425116497615478e-05
7.728290125751341270e-05
7.797171861948230982e-05
7.883620568468379178e-05
7.971383649882932479e-05
8.066833343001666382e-05
8.161001359501538540e-05
8.267005137016806768e-05
8.383683597758652753e-05
8.516562708229982563e-05
8.651105233684411311e-05
8.791591957445340968e-05
8.930847237021734275e-05
9.064644086682015472e-05
9.191182062890897782e-05
9.319083651919846806e-05
9.437334895979760784e-05
9.551120655855579664e-05
9.646069786819577545e-05
9.731876542695867827e-05
9.807263898429423397e-05
9.878141042841297789e-05
9.947578258184971121e-05
1.000646230692298598e-04
1.006224584645990482e-04
1.009161198760915234e-04
1.011144738090783649e-04
1.013715832662156558e-04
1.016013081494106024e-04
1.017867886075942427e-04
1.020607353195451166e-04
1.023082832980577121e-04
1.025408278145083793e-04
1.028628646173205619e-04
1.031785212330425068e-04
1.034209005442095252e-04
1.037289027784808575e-04
1.040270906129742894e-04
1.042291659021605610e-04
1.044065755741183446e-04
1.045880311666410678e-04
1.046688996221123002e-04
1.046888414994406836e-04
1.046648242801870472e-04
1.047213418011006631e-04
1.047085414815232627e-04
1.047491796602748396e-04
1.048681539400048808e-04
1.050464224436354352e-04
1.052262529769371806e-04
1.054101636349586736e-04
1.055875010984549164e-04
1.055753521392255529e-04
1.056085726556416386e-04
1.055129146551327633e-04
1.054987567660370818e-04
1.053809840979844960e-04
1.051933333052265792e-04
1.049843904389488819e-04
1.047656070941220888e-04
1.045524491770919492e-04
1.043110862697534374e-04
1.039936574399189439e-04
1.035628614158377175e-04
1.031200652060343132e-04
1.026593332984323181e-04
1.022070675380631335e-04
1.017378318107129385e-04
1.012176541694897536e-04
1.005427241538420485e-04
9.976329322769342863e-05
9.908762239300723113e-05
9.850769404691288832e-05
9.783441940971267410e-05
9.710529884913695134e-05
9.647939129861851648e-05
9.590620984229749572e-05
9.533733047680935553e-05
9.484708101201481337e-05
9.436215456078980105e-05
9.401518415715710755e-05
9.379271381617846053e-05
9.368356782397490971e-05
9.374253024222475947e-05
9.397190607225789759e-05
9.416680298936707608e-05
9.437276148814566223e-05
9.463524897023226599e-05
9.500463969176840134e-05
9.540336086584868570e-05
9.588711387376741557e-05
9.659907520110050209e-05
9.750312276139813834e-05
9.839278836872337401e-05
9.927256096636295508e-05
1.000669490133032722e-04
1.007320530932539386e-04
1.013164871490892464e-04
1.017841006350283595e-04
1.021684619441822622e-04
1.024368360306881663e-04
1.026790642759717494e-04
1.029170195803411503e-04
1.030979165787121454e-04
1.032376141512217956e-04
1.033549407165224206e-04
1.035091829275231736e-04
1.036611510146316899e-04
1.037940890466718807e-04
1.037539939229219872e-04
1.036515128376821115e-04
1.034983044729278177e-04
1.031640068742696982e-04
1.026373705426686378e-04
1.018952618204419132e-04
1.010370561369880720e-04
1.000262103505334538e-04
9.877483152550159840e-05
9.739646874078482144e-05
9.593175289105001450e-05
9.438872446974118802e-05
9.273124033401265037e-05
9.117221998154484853e-05
8.967849629910873421e-05
8.819984405187598648e-05
8.683325050684587154e-05
8.558099571977196510e-05
8.455617204934987290e-05
8.366528207397086296e-05
8.288674045021807244e-05
8.234722479112839555e-05
8.195906732544376919e-05
8.158835913020642729e-05
8.143920087087591284e-05
8.143713167960457081e-05
8.155423675265346430e-05
8.181880844251648507e-05
8.214853549944490380e-05
8.267776647462993494e-05
8.328054373490489503e-05
8.405912962725949067e-05
8.501100908085126775e-05
8.612540550774559333e-05
8.747209319651778284e-05
8.876188168213910816e-05
9.024230186741944229e-05
9.176195825151035879e-05
9.333628465725410991e-05
9.487274072053717561e-05
9.640925434538968452e-05
9.792523087161296002e-05
9.955523166927196001e-05
1.011682352061360392e-04
1.024786245033608391e-04
1.036814175118537561e-04
1.046497042592473350e-04
1.054063513100923994e-04
1.060070131295112348e-04
1.065601885846167909e-04
1.068478562835812338e-04
1.067924030803077146e-04
1.065078235597096204e-04
1.059780782790940975e-04
1.053288070526381707e-04
1.045354535622207686e-04
1.037952229580075842e-04
1.030996611033681721e-04
1.024533248893274261e-04
1.018645037888046313e-04
1.013170257859513559e-04
1.008621419578768341e-04
1.003052177005001738e-04
9.974890744054163479e-05
9.913432236009463508e-05
9.862457769066869471e-05
9.802911803661999452e-05
9.744695617508328592e-05
9.680346134553156207e-05
9.619727870233140982e-05
9.565215514454651364e-05
9.516702168287322159e-05
9.466555318411176093e-05
9.436141371806094913e-05
9.420633405164040644e-05
9.425578316419344713e-05
9.433602657002047517e-05
9.467288507038630185e-05
9.515633702300693633e-05
9.572739332029916830e-05
9.649204486965377945e-05
9.727216266824803906e-05
9.817494186934263602e-05
9.918701182663877333e-05
1.002153270865191806e-04
1.012005374416774994e-04
1.022778959062127253e-04
1.032230302956734652e-04
1.043350570541088295e-04
1.054405467574916514e-04
1.064239292427256482e-04
1.074014249732840182e-04
1.084156281838208769e-04
1.094297482973600284e-04
1.104503797685616514e-04
1.113871351537808630e-04
1.122408208507316750e-04
1.129541475792975947e-04
1.134720515582069095e-04
1.138074573685720009e-04
1.140554978755724258e-04
1.142207007690776953e-04
1.141965410609477836e-04
1.140373643424506247e-04
1.137764650527617110e-04
1.133789247673912693e-04
1.128185961220806157e-04
1.122197650611653436e-04
1.114591017053938402e-04
1.105790453101628207e-04
1.094903368236225518e-04
1.082623989368941813e-04
1.070907057793303845e-04
1.059177290048834465e-04
1.046969016326091111e-04
1.035885421251785685e-04
1.024340738963603736e-04
1.013257828321841502e-04
1.002129034878293870e-04
9.917119659160747100e-05
9.813928022959811544e-05
9.715033135520602641e-05
9.607576398187758857e-05
9.518042030189815053e-05
9.434146872626218705e-05
9.361870073471912149e-05
9.280271685832141172e-05
9.207912291547294941e-05
9.143441032964400722e-05
9.085681701609437180e-05
9.040620760865239816e-05
9.028302698203165624e-05
9.028377061955636992e-05
9.042871608598503259e-05
9.068533555793198940e-05
9.108526659718993446e-05
9.162875124987433176e-05
9.228536073472063360e-05
9.317314474428198701e-05
9.424413874965743496e-05
9.541281470228524936e-05
9.656507979701096662e-05
9.778776612796402472e-05
9.908914603765962576e-05
1.004679042610437823e-04
1.019336224091129794e-04
1.033401366625813673e-04
1.047117972401991580e-04
1.059539539415623463e-04
1.071072901007908860e-04
1.081270988564239860e-04
1.089004898022429176e-04
1.095613916485006214e-04
1.100622177162164381e-04
1.103453245855583837e-04
1.104381353500970449e-04
1.104920255988404423e-04
1.104133776203311242e-04
1.101840735086621979e-04
1.099633498920309614e-04
1.096998361539282089e-04
1.095208192824252084e-04
1.094052034618505850e-04
1.094863131661145701e-04
1.096388748070671821e-04
1.097768775794619135e-04
1.099303271578771233e-04
1.100609121884864620e-04
1.101262888357315865e-04
1.101996640042340360e-04
1.102422790702986414e-04
1.103898718321790580e-04
1.104853490065168392e-04
1.104287498096373195e-04
1.102575357818229860e-04
1.099483723138091349e-04
1.094511960169539631e-04
1.089316645929685936e-04
1.083702575468883239e-04
1.078712937458215556e-04
1.072256418615678743e-04
1.065216350825513728e-04
1.057758671500032884e-04
1.050337772221382471e-04
1.043081832389279422e-04
1.036677542992529366e-04
1.031125223707910843e-04
1.025792910753635682e-04
1.020837542948747076e-04
1.016981309565070327e-04
1.013589050618038910e-04
1.010716765320036990e-04
1.009737486933097927e-04
1.010661440902634002e-04
1.013035243362025647e-04
1.017123373149344525e-04
1.022604577356560872e-04
1.029153724555877201e-04
1.035564461508664503e-04
1.042945257745557302e-04
1.051654312155242800e-04
1.061170896309327491e-04
1.069715925942025256e-04
1.077855009132358023e-04
1.086090778664378694e-04
1.092571082205990142e-04
1.097837903353789720e-04
1.102145836457745854e-04
1.104451567129292313e-04
1.105689983972672199e-04
1.104730452138421486e-04
1.103075457440741989e-04
1.100607142218033765e-04
1.097746666007361812e-04
1.095271044825134581e-04
1.091842514265923452e-04
1.089029737954346107e-04
1.086725095513410956e-04
1.084021063383521421e-04
1.081779878920182889e-04
1.079363393204826188e-04
1.076587545789230594e-04
1.074875312601099829e-04
1.073135461443262091e-04
1.070376856159438320e-04
1.068431338276127490e-04
1.067020555658935435e-04
1.066495096210801465e-04
1.065897081471537961e-04
1.064145928637872393e-04
1.061626397190373232e-04
1.058154406750254307e-04
1.053156681799919444e-04
1.048075254899562920e-04
1.041905496436155510e-04
1.035895304179936666e-04
1.029894160386633176e-04
1.023225755478561873e-04
1.017197072372542270e-04
1.011860296075091153e-04
1.006709759916520498e-04
1.001993252828920194e-04
9.973378184856382563e-05
9.931120288375258880e-05
9.896710372368940339e-05
9.871532677894448611e-05
9.853936209163491420e-05
9.847612854106940067e-05
9.834492727890577907e-05
9.815392865711010731e-05
9.797602445770620377e-05
9.775606465295394714e-05
9.739157248757248763e-05
9.695947392703919195e-05
9.657683165076617546e-05
9.611826873357192519e-05
9.545447235599332017e-05
9.477810048378340971e-05
9.397297690820309579e-05
9.305300750872330315e-05
9.219534058940877502e-05
9.148030051081416144e-05
9.077256342447377439e-05
9.004170889986070226e-05
8.933510496242521009e-05
8.873736991537792534e-05
8.820509894515659276e-05
8.763279049637975708e-05
8.709522649963949772e-05
8.673952047114801608e-05
8.651520513974113921e-05
8.644509024262130806e-05
8.645397919383084398e-05
8.664376587842444535e-05
8.697906883707693000e-05
8.746105134261499599e-05
8.801563375349726222e-05
8.868184688815038737e-05
8.942316691805840979e-05
9.030150298094572706e-05
9.119149658502430974e-05
9.209847983289941829e-05
9.302982329998288249e-05
9.406503309550751004e-05
9.519124667857969350e-05
9.628192022204486774e-05
9.742496083073933378e-05
9.863284203390492322e-05
9.979136350877527983e-05
1.008871223973448888e-04
1.019939941861189390e-04
1.030113867975463240e-04
1.039863107260485461e-04
1.048607814505889396e-04
1.056129524617110006e-04
1.063233118426909572e-04
1.069653378776719028e-04
1.074451933465762291e-04
1.078763125344742342e-04
1.082163335886182718e-04
1.085863937569156706e-04
1.088031616290025894e-04
1.089731327125168132e-04
1.090714826550296312e-04
1.091383332815813127e-04
1.090706308547645430e-04
1.089960086950011921e-04
1.088321952636445589e-04
1.086061743924560119e-04
1.083289758721370970e-04
1.079711028729526696e-04
1.075284396040469218e-04
1.071130027328248604e-04
1.068644364783989144e-04
1.065358359592302739e-04
1.061757544967619621e-04
1.057631715647577722e-04
1.052557554472114678e-04
1.047908061888337943e-04
1.042820525784138742e-04
1.039183591422474526e-04
1.036479456776623776e-04
1.033994733781754211e-04
1.031474517946732268e-04
1.028614979401877702e-04
1.025902426679424408e-04
1.022923023876918473e-04
1.020141904676150849e-04
1.018161192265002162e-04
1.016736504188976015e-04
1.015687451934612056e-04
1.014784735378338430e-04
1.014327062452140445e-04
1.013351413839738962e-04
1.013564941700951811e-04
1.013621011125742828e-04
1.013408299577303650e-04
1.013219162828903020e-04
1.013825417266687448e-04
1.014695265336960656e-04
1.016749512161855195e-04
1.019044543965065249e-04
1.022830237967898388e-04
1.026894742331228155e-04
1.031367813956541105e-04
1.035055879666166301e-04
1.039062767355889436e-04
1.042760530125547841e-04
1.046466704625486667e-04
1.051281732358370392e-04
1.055731010063876889e-04
1.059688050884388536e-04
1.063931090406486715e-04
1.068264024198383073e-04
1.072307981834123109e-04
1.074786159675676861e-04
1.075834593790691435e-04
1.075814506720766282e-04
1.074876198344899099e-04
1.072230167248422548e-04
1.068226375228452938e-04
1.063689314814753083e-04
1.057084226930985523e-04
1.050264663349704565e-04
1.041690711724558259e-04
1.032314414547766662e-04
1.021918897332284564e-04
1.011760146316830400e-04
1.000597146570823175e-04
9.886328945295209079e-05
9.781429586136036313e-05
9.676133755543369578e-05
9.578027833564788616e-05
9.489678088176465350e-05
9.405241999381128148e-05
9.336825663251409942e-05
9.283020274987365678e-05
9.242827277023389371e-05
9.212728005800782487e-05
9.201855099519155607e-05
9.201498418135161273e-05
9.213027496191949876e-05
9.224235295234842116e-05
9.240423669615001681e-05
9.256776187272560286e-05
9.283745142886869802e-05
9.322298561244605174e-05
9.364185022241655262e-05
9.408037112492199320e-05
9.438093776642248606e-05
9.466000945110286929e-05
9.492781355627494082e-05
9.513863951519864644e-05
9.521981163299227113e-05
9.533364092751566744e-05
9.539849557796279203e-05
9.539869124791048455e-05
9.531390811586687439e-05
9.520722073168026017e-05
9.510025726715157311e-05
9.504351570449902017e-05
9.512346807169340130e-05
9.526748151509722550e-05
9.555785868046366791e-05
9.587450268261289883e-05
9.618342367445251954e-05
9.663564738914747019e-05
9.713471872150507627e-05
9.773196262045848615e-05
9.821587871218051373e-05
9.872159800802153898e-05
9.921530584809992986e-05
9.966603573008229501e-05
1.000215129290003228e-04
1.002010562780302622e-04
1.002063047406479002e-04
1.001212474490151619e-04
9.999234323194538913e-05
9.992692081455315217e-05
9.988330581702268510e-05
9.985954231596122933e-05
9.986787633887745253e-05
9.993528073125486355e-05
1.000481120750132662e-04
1.001031376776005894e-04
1.002422718589132634e-04
1.003979592986287139e-04
1.005988124222765082e-04
1.007270320389206698e-04
1.009007690189020652e-04
1.010602000003282949e-04
1.013271802774159481e-04
1.016641771926619182e-04
1.019817542154985521e-04
1.023430820148738072e-04
1.026607703457463631e-04
1.030430731864106358e-04
1.034316315404817683e-04
1.037529198535064399e-04
1.041504177168290192e-04
1.044620205700454944e-04
1.047949371472301112e-04
1.050327317910364254e-04
1.051020916896718439e-04
1.049724242706673695e-04
1.046685404605554679e-04
1.041817281943101465e-04
1.035533655954817746e-04
1.028801352411512493e-04
1.020776698931859586e-04
1.012661156712276172e-04
1.004834178268275598e-04
9.971641314430665370e-05
9.898302212002399025e-05
9.831878754312892588e-05
9.789468734629051556e-05
9.756048907559123143e-05
9.739805526868346077e-05
9.749728398509378748e-05
9.768372472934217822e-05
9.801489040702025118e-05
9.839884525806468808e-05
9.891849313938027351e-05
9.940968682858994290e-05
9.987386302664873206e-05
1.003329556173105036e-04
1.007554214666056547e-04
1.011234887397139022e-04
1.014080027416917364e-04
1.016114289243267611e-04
1.017519016119458782e-04
1.018356836641855830e-04
1.018006463012382026e-04
1.018143069949096211e-04
1.017729338952393266e-04
1.015870489007788136e-04
1.012065033159362986e-04
1.007680721042796814e-04
1.001414775307340197e-04
9.953919552604213131e-05
9.898815720944397108e-05
9.842397917890033203e-05
9.791418155769731398e-05
9.745283244091214239e-05
9.714089949034452123e-05
9.690803384641464516e-05
9.672906135704069288e-05
9.650679211936857935e-05
9.643851351904023875e-05
9.645793037034282053e-05
9.644380554962416873e-05
9.661361903744495293e-05
9.678860962760446954e-05
9.698384602855789592e-05
9.729148331457260906e-05
9.752885795961594145e-05
9.781593059753957743e-05
9.808358103863203288e-05
9.830614599456251237e-05
9.854952106129271326e-05
9.878074290708103999e-05
9.895414564491816518e-05
9.910412307319142744e-05
9.911153788136448269e-05
9.902026280337401700e-05
9.875103780224549557e-05
9.839962648082326360e-05
9.803011135851879589e-05
9.767847158453880300e-05
9.720927931166929020e-05
9.659504244089985384e-05
9.586921626211601655e-05
9.509020680366928133e-05
9.430046006619321932e-05
9.336385738331468877e-05
9.231931026900167502e-05
9.137114319682454553e-05
9.053720756536649643e-05
8.966900119452918781e-05
8.878714353789587260e-05
8.805163459075680214e-05
8.736861691732288483e-05
8.675438678074466961e-05
8.620775989063179240e-05
8.567177533184890809e-05
8.527858600951038637e-05
8.502670559293312984e-05
8.489799557177249347e-05
8.494251123010421699e-05
8.506606678661981537e-05
8.524006351963756521e-05
8.554123516527122138e-05
8.587968012962435456e-05
8.630931731764841103e-05
8.676226155530074053e-05
8.719246950008186642e-05
8.774096038838307462e-05
8.844819569365884593e-05
8.911435972907796096e-05
8.984740555467295598e-05
9.066355977795819473e-05
9.153467735290769878e-05
9.242268547767211895e-05
9.317790170897176458e-05
9.395645917050930631e-05
9.487579687527281525e-05
9.582964501725409288e-05
9.679721175263748031e-05
9.775742041485838228e-05
9.866190643169120335e-05
9.966879096331233891e-05
1.007530897265001852e-04
1.017655148903135170e-04
1.027081872823454138e-04
1.035262521873766108e-04
1.043403981477227654e-04
1.051154936109604003e-04
1.058390522583891723e-04
1.064907723886549798e-04
1.070846145639107409e-04
1.075873608355771551e-04
1.079073448201186072e-04
1.082519682656209658e-04
1.084252511793924907e-04
1.084000748109261499e-04
1.081737433916825581e-04
1.078375888769974623e-04
1.074009982077686219e-04
1.069520441129484306e-04
1.064645729778154921e-04
1.058765089562290233e-04
1.053484237133695206e-04
1.047188426791650093e-04
1.040788584702767063e-04
1.035075947302151319e-04
1.030553671910235808e-04
1.027362900094524068e-04
1.025970229496948318e-04
1.025257707607553619e-04
1.026734679106900772e-04
1.028814913938485513e-04
1.031273151687088973e-04
1.035090554244596193e-04
1.039533620012685327e-04
1.044367825161689016e-04
1.048766480944693163e-04
1.052720833969383396e-04
1.055845772325640858e-04
1.056885104903186861e-04
1.055840836739057329e-04
1.053449073834616077e-04
1.049909883530822201e-04
1.044692359030571175e-04
1.038809759379262726e-04
1.033333479959563190e-04
1.027953486788803997e-04
1.021873655759574211e-04
1.018170674773885087e-04
1.015517765501777487e-04
1.013343469620648892e-04
1.013385598219750973e-04
1.013644063568413514e-04
1.014353053910188769e-04
1.015427998911871792e-04
1.017748495396039255e-04
1.021100548522524973e-04
1.025460942559074584e-04
1.029070311696631598e-04
1.032403037591903211e-04
1.033365222774696324e-04
1.034521991882203593e-04
1.035426303238803089e-04
1.035662796221416618e-04
1.035374170082410976e-04
1.035050341578954173e-04
1.035487437977929614e-04
1.036271045112432086e-04
1.036731390230690797e-04
1.037917393520312002e-04
1.038365886055535661e-04
1.039914854477288911e-04
1.041985015947867639e-04
1.045133648780184046e-04
1.049279158696856404e-04
1.054628585761187981e-04
1.060609833134804969e-04
1.067369003638217635e-04
1.074865361275969145e-04
1.083415966860284659e-04
1.093131062462084340e-04
1.103308539819442512e-04
1.113793490168306193e-04
1.122926973138629577e-04
1.131791033940991991e-04
1.139274720937927645e-04
1.146167255002112327e-04
1.151117769707216913e-04
1.155011935178732255e-04
1.157697191380243533e-04
1.160384205657224955e-04
1.159957800592224331e-04
1.157496632558606669e-04
1.154281581034335502e-04
1.148978513803585550e-04
1.142125237763759330e-04
1.134960251707467114e-04
1.125996258788295682e-04
1.116596072046165122e-04
1.105544418936671783e-04
1.094245274084672693e-04
1.082476158768935466e-04
1.071446042114270825e-04
1.060022160119762158e-04
1.048385096102891906e-04
1.037316934683591525e-04
1.028507854560791173e-04
1.021422267427485450e-04
1.015185216133508055e-04
1.009786007791521698e-04
1.005304270104504785e-04
1.001027957852790610e-04
9.980048777538284236e-05
9.964340348148168630e-05
9.963394413731944520e-05
9.965110609141221085e-05
9.976141264025114707e-05
9.996637491296346545e-05
1.003497736843335158e-04
1.008635593052272135e-04
1.013534718518660548e-04
1.019518258460783448e-04
1.025815793050570759e-04
1.032855851323660062e-04
1.038572083923739462e-04
1.042834920841150372e-04
1.046476630452208628e-04
1.050103215067928674e-04
1.052979498440646941e-04
1.056049107783832951e-04
1.057768202468861718e-04
1.059630447375093125e-04
1.060832385675563152e-04
1.061360196719172543e-04
1.060685635345331264e-04
1.059825592313147014e-04
1.059414703441746534e-04
1.059839913217208154e-04
1.060657234156688620e-04
1.062385574882129639e-04
1.064304203383244999e-04
1.065929308952715373e-04
1.068381748308760634e-04
1.071565853847407509e-04
1.074751575113270033e-04
1.078911415754483464e-04
1.083605525614443534e-04
1.087418450451233757e-04
1.089889763866524856e-04
1.092231704233673478e-04
1.094024056313633309e-04
1.096780540124228870e-04
1.099862007841515259e-04
1.101404055232378188e-04
1.102309324376544390e-04
1.102445255947098008e-04
1.101982618067279263e-04
1.100729555159840568e-04
1.098373653370437108e-04
1.094547043034005797e-04
1.090559361877617992e-04
1.086322597753120464e-04
1.082163354045118445e-04
1.076949668786001627e-04
1.070905071190193097e-04
1.062650620769329222e-04
1.053663284368607910e-04
1.043756007976229987e-04
1.034122861223555094e-04
1.025254130653967862e-04
1.015957871813035450e-04
1.006881296123721950e-04
9.974538350853053015e-05
9.884273597800328614e-05
9.784207374182861839e-05
9.683030166313534148e-05
9.582082705894611006e-05
9.494112165532705896e-05
9.422385250424368010e-05
9.357686661493535771e-05
9.308691753041171101e-05
9.263866636998244457e-05
9.237099226036635941e-05
9.220637638337808237e-05
9.214217922372822459e-05
9.204816851889204791e-05
9.205233750185721001e-05
9.214655963209422793e-05
9.258989297548979400e-05
9.318674118297110270e-05
9.392240981594710079e-05
9.472168313270619509e-05
9.575909082664357200e-05
9.694025014716741492e-05
9.827251537727638847e-05
9.957698050038952219e-05
1.006847936247407677e-04
1.017545780146835496e-04
1.028884028700467659e-04
1.040279718914050543e-04
1.051221033077914943e-04
1.062205226723433090e-04
1.072839753702303387e-04
1.083012983128982471e-04
1.092642123829906187e-04
1.101829084245062014e-04
1.109722027246114922e-04
1.114816271845363738e-04
1.119334134563857060e-04
1.122304270301593358e-04
1.123836110612271965e-04
1.124496124492186527e-04
1.123488871437022113e-04
1.121308446640216679e-04
1.119173984979422243e-04
1.117714973052326768e-04
1.115618342345897586e-04
1.113251654248967716e-04
1.111685786324601195e-04
1.112668384728610765e-04
1.113552316894378651e-04
1.115232664002800732e-04
1.117380587505505465e-04
1.120537330072452669e-04
1.125194857487324136e-04
1.129469462796623205e-04
1.133597303127816544e-04
1.137160528669971639e-04
1.140016164932549595e-04
1.142334776189479068e-04
1.145118691543291038e-04
1.147856341811523146e-04
1.150641519567699835e-04
1.152272164783375071e-04
1.154466461051090360e-04
1.155462211262542511e-04
1.155260634108825745e-04
1.154716358883882974e-04
1.152024863906832763e-04
1.149008203951270776e-04
1.144498419274654361e-04
1.139356331996313042e-04
1.132025475560671833e-04
1.123736235091781291e-04
1.115822281301232346e-04
1.107027307546406755e-04
1.096597681459193915e-04
1.085044469413175500e-04
1.073829073537534888e-04
1.062321588753842522e-04
1.051551251220800200e-04
1.041454202462099420e-04
1.031174144159121859e-04
1.021941032100943383e-04
1.013766730242500729e-04
1.005102798661141683e-04
9.971648227373084393e-05
9.904601912454991195e-05
9.856351861437266312e-05
9.818416638058245511e-05
9.800060510734324385e-05
9.794118646681566464e-05
9.808515905880522360e-05
9.838725611143090983e-05
9.879247589590124407e-05
9.933027952349811080e-05
9.990216442501333866e-05
1.005279000385250407e-04
1.011329834280241076e-04
1.017172765983792668e-04
1.023736667105082029e-04
1.028547351317244708e-04
1.032920903434991202e-04
1.036690797165731046e-04
1.038085111804889354e-04
1.038733279426310449e-04
1.039399744197230194e-04
1.040626919631224695e-04
1.041508214644146224e-04
1.041471766488885143e-04
1.042738187747308453e-04
1.045221447117396750e-04
1.049506760026624064e-04
1.055229646493759327e-04
1.062119244675468295e-04
1.069118516369454335e-04
1.076733374412862550e-04
1.084999905556198073e-04
1.094218102048578022e-04
1.103268008548677738e-04
1.113236807111304526e-04
1.124041309743774785e-04
1.135015648105402531e-04
1.144113418283613246e-04
1.152954014066302248e-04
1.162059153979856868e-04
1.171632359839600099e-04
1.180304281765680741e-04
1.188468582092562986e-04
1.194989375218249300e-04
1.201047668019474598e-04
1.206669838228557152e-04
1.210480408812907678e-04
1.213273608895212418e-04
1.215603335520148336e-04
1.217272569785313044e-04
1.217900274922688623e-04
1.217257148886205682e-04
1.215131592940151125e-04
1.212951178679349184e-04
1.209607151435124770e-04
1.205574377289279518e-04
1.201577673591741093e-04
1.198490788370524434e-04
1.196057262572529627e-04
1.191452954898847023e-04
1.186672689067946526e-04
1.180249374007355870e-04
1.174269723038729504e-04
1.167712173491038813e-04
1.160452176367909177e-04
1.154879727298532095e-04
1.148780767323099661e-04
1.142696199303095198e-04
1.136694951408446109e-04
1.130281185423517593e-04
1.123678829990294075e-04
1.117401093507460526e-04
1.112332383067391123e-04
1.105691851472309119e-04
1.099028699067059606e-04
1.092950517820391902e-04
1.088873795199450959e-04
1.084523714525309360e-04
1.080091390926404566e-04
1.075966429563534731e-04
1.070531553241667972e-04
1.065092294590910165e-04
1.058913366260135153e-04
1.052321927348004752e-04
1.045407355407352787e-04
1.038261935468289595e-04
1.031048451883537871e-04
1.024426423440459068e-04
1.017365470887860064e-04
1.010469288840166145e-04
1.002803593006820976e-04
9.952581831612129261e-05
9.878532408535024151e-05
9.807598559663846787e-05
9.739443027806219972e-05
9.684674905813739007e-05
9.648151867947603755e-05
9.636810211184675210e-05
9.638581552090183264e-05
9.667853742732724839e-05
9.718737963055788191e-05
9.783224392611450382e-05
9.858797691618512334e-05
9.952006997954621504e-05
1.006391592112020799e-04
1.018415123515803000e-04
1.031665044481132939e-04
1.045400296992350132e-04
1.059037571955597987e-04
1.072548817448105074e-04
1.085543610511354590e-04
1.098241342448356365e-04
1.110759558312820463e-04
1.122733252515152559e-04
1.133744653363608773e-04
1.144410503991453174e-04
1.153399576916418114e-04
1.160185688862666121e-04
1.166171033888383553e-04
1.170672523183029657e-04
1.175448816821630677e-04
1.181057875018527584e-04
1.187907945648016689e-04
1.194994493863564848e-04
1.202730084945233952e-04
1.210874370697296665e-04
1.219998477491273216e-04
1.230079169663639066e-04
1.240189598375953002e-04
1.248891296678750597e-04
1.257494582323164358e-04
1.265858761597088260e-04
1.273502308575528335e-04
1.280217715914478251e-04
1.286604314886395824e-04
1.292384199610962245e-04
1.297108007331290030e-04
1.301228336844083852e-04
1.304137677848530696e-04
1.305977826180883738e-04
1.306046104480313016e-04
1.304029931516155830e-04
1.301839167167830741e-04
1.297413217659534575e-04
1.291650283377695097e-04
1.284163715221139750e-04
1.274188562115307309e-04
1.262065172263020620e-04
1.248537336411477969e-04
1.236151328808212432e-04
1.222854144121732775e-04
1.210082550793891744e-04
1.197495917561654938e-04
1.184675105934986095e-04
1.172672090016203730e-04
1.160893728656474215e-04
1.151098370643055232e-04
1.142477833447094575e-04
1.135190221324558837e-04
1.128617887149953487e-04
1.123746569285110925e-04
1.119124758983237140e-04
1.116150338027491412e-04
1.114599205194733138e-04
1.114699079858812517e-04
1.113527072738950503e-04
1.112855012043504049e-04
1.112061813003523136e-04
1.112265013290037775e-04
1.113696663122334127e-04
1.115145530286646954e-04
1.116477045136103022e-04
1.115998546376167390e-04
1.115931610664396998e-04
1.115130580911791527e-04
1.113626925131467032e-04
1.111881601907557544e-04
1.109932709857679905e-04
1.108285319443317804e-04
1.107578063105243808e-04
1.106525501359741396e-04
1.106234535056493896e-04
1.106743086422057104e-04
1.107132996386691508e-04
1.108762995145417358e-04
1.111018043900434578e-04
1.113860639581182007e-04
1.117275999839705426e-04
1.121675430887621519e-04
1.126897155919272036e-04
1.132748746924279850e-04
1.139200983254325334e-04
1.143859444314018411e-04
1.148878363235867044e-04
1.154823629620394150e-04
1.161726762438917201e-04
1.169142080252184423e-04
1.177226432305099888e-04
1.185330872509531919e-04
1.193236508503628173e-04
1.201118443954509157e-04
1.207540224195687408e-04
1.213293855797119205e-04
1.219389928639782452e-04
1.224144275912966229e-04
1.226800363343930793e-04
1.227784505390636669e-04
1.227039831138402757e-04
1.226032679196457703e-04
1.223721203587643368e-04
1.219161148486673767e-04
1.214803502041895229e-04
1.209673510936238282e-04
1.203896713084625291e-04
1.197602697372764655e-04
1.191881689371559290e-04
1.185983586253988326e-04
1.180098695368824672e-04
1.174720796555802846e-04
1.170784211492661292e-04
1.166453873164739969e-04
1.162278781134914226e-04
1.158365842150720646e-04
1.154744149675401062e-04
1.151620724490506984e-04
1.149453059373480241e-04
1.148058129795226194e-04
1.146123199936884950e-04
1.144227792670021466e-04
1.141861426082203248e-04
1.139204846359953907e-04
1.136438513507813993e-04
1.133055505601334671e-04
1.129787564267537145e-04
1.126512887603957650e-04
1.123597961040220328e-04
1.121248724637732234e-04
1.118458896478915533e-04
1.114088096216155326e-04
1.109969229987255515e-04
1.104604736226105820e-04
1.098947069359860161e-04
1.092220679007711252e-04
1.085547806945010886e-04
1.079100274079735841e-04
1.072533833961716605e-04
1.065886684332097330e-04
1.059363101574709379e-04
1.052957689223001135e-04
1.046212385061035931e-04
1.040120646681485551e-04
1.032696410417660192e-04
1.025551349948034723e-04
1.017489524700143470e-04
1.009258007163712188e-04
9.998963849255828457e-05
9.906629811905502594e-05
9.809914855199474478e-05
9.723175691872748896e-05
9.634350965966303332e-05
9.548658881593165455e-05
9.461307989426395813e-05
9.373233010079491407e-05
9.310468404858708320e-05
9.264267413324497966e-05
9.231604712415250949e-05
9.204097449340517979e-05
9.190498105095929425e-05
9.185285330219042279e-05
9.173993729222470681e-05
9.162844967483465154e-05
9.156109521064176564e-05
9.147642214023016423e-05
9.142967185254112505e-05
9.137070232470817076e-05
9.122761357255499987e-05
9.111812792456108496e-05
9.094610001490668200e-05
9.076982823498307672e-05
9.044314683575606622e-05
9.002766596248872478e-05
8.977032267936107136e-05
8.951970564200059568e-05
8.932465723711011368e-05
8.923479072044538524e-05
8.922534893755806103e-05
8.934696543477955999e-05
8.960400847803312672e-05
9.000088469265953624e-05
9.057295438114564522e-05
9.128484017614216153e-05
9.212464103736431840e-05
9.317510987059051883e-05
9.442690698308097222e-05
9.577465309579670343e-05
9.724472436570307313e-05
9.874471312295348552e-05
1.004329142148776459e-04
1.022058347240780134e-04
1.038817596536222368e-04
1.056489842938006154e-04
1.073883783574821000e-04
1.091389246843398921e-04
1.107673113982046448e-04
1.122150385035396939e-04
1.133669608619834561e-04
1.144191938978849883e-04
1.153279458365779253e-04
1.162331139496951488e-04
1.170138712619397774e-04
1.178127736951738082e-04
1.185925339546359779e-04
1.193793007077473007e-04
1.200717694243730880e-04
1.207827747448241180e-04
1.214699756862534959e-04
1.222392216698814588e-04
1.229349418499727951e-04
1.235517811614303104e-04
1.240410077137373912e-04
1.244243707820229640e-04
1.245872158130250078e-04
1.245975255148864353e-04
1.244889786341118630e-04
1.241633991710772112e-04
1.236497618915371457e-04
1.230600481801532578e-04
1.224596604557600700e-04
1.217498859456037606e-04
1.210688125995698812e-04
1.203290384766933681e-04
1.195651246529924345e-04
1.187489708654297258e-04
1.179694771382413469e-04
1.172037231691915992e-04
1.163596176139582552e-04
1.155817252131339200e-04
1.147852078574876844e-04
1.140638110353681730e-04
1.133907255332856825e-04
1.128137034953087927e-04
1.123849332107417420e-04
1.120742254750910563e-04
1.116026350768291580e-04
1.112278027297113536e-04
1.108575142309513447e-04
1.105152601988029825e-04
1.100843840864880767e-04
1.096769398320836426e-04
1.093803102358300401e-04
1.090723997828363812e-04
1.087404183665241150e-04
1.085618883051613819e-04
1.084458291659905161e-04
1.083920190546155396e-04
1.084458092906419703e-04
1.086294893469069147e-04
1.089068785473041104e-04
1.092533098057751288e-04
1.097173925318258979e-04
1.102541473094760917e-04
1.109943620178172009e-04
1.118365646857245356e-04
1.127559262532618891e-04
1.136559008472950300e-04
1.145207139165898072e-04
1.154227950312324783e-04
1.161759235130202256e-04
1.168313674273289797e-04
1.172955502885032492e-04
1.176607164917087452e-04
1.179726140771266470e-04
1.180969369160465247e-04
1.181023945473031692e-04
1.179624376712712884e-04
1.177707701798244360e-04
1.175913369209697539e-04
1.174238132177619735e-04
1.172244039077868566e-04
1.170391000837880339e-04
1.168264648953388010e-04
1.165771354213697344e-04
1.163067521118210049e-04
1.161444533511544596e-04
1.161222714911256662e-04
1.161708101941469817e-04
1.163792753403463396e-04
1.165870202786022840e-04
1.167380434545023859e-04
1.168391565589592482e-04
1.169925763351995157e-04
1.172094102505636184e-04
1.174567633300709676e-04
1.178228387897184122e-04
1.182797823672842360e-04
1.187306077136359751e-04
1.191850745408007829e-04
1.195644687752319118e-04
1.200057361284415829e-04
1.204073135397041834e-04
1.207816821810398823e-04
1.213096885347733590e-04
1.217581818192458795e-04
1.222962482795655632e-04
1.228504776687959878e-04
1.232304078278708640e-04
1.235384316714418325e-04
1.237197680433639330e-04
1.238672262313313555e-04
1.239923806238791637e-04
1.240006449190823087e-04
1.240219379238410077e-04
1.239876426085236754e-04
1.239021974669468271e-04
1.237119866821386437e-04
1.234393010090121309e-04
1.231735194352254854e-04
1.228920018179092011e-04
1.225922644573438627e-04
1.221870981287502978e-04
1.216163043465870583e-04
1.209234530635824130e-04
1.201259529332170421e-04
1.193215939588863385e-04
1.184684130915786759e-04
1.175645333376527024e-04
1.166349593707277253e-04
1.156305939903759039e-04
1.145978589280504572e-04
1.136122446272603117e-04
1.126252248044766697e-04
1.116704115198887152e-04
1.108898975891722339e-04
1.101637006223128061e-04
1.095557824656475093e-04
1.090808807238329535e-04
1.087683689765160883e-04
1.085174784843027755e-04
1.083899438798079399e-04
1.083926997238226272e-04
1.085757482465247135e-04
1.088146306613404710e-04
1.092350379162267517e-04
1.097942651670499653e-04
1.103664419497443587e-04
1.109810441388175061e-04
1.116499191916669152e-04
1.123528743027714816e-04
1.130212496524277870e-04
1.135712273664720318e-04
1.142134156320431587e-04
1.148310758192659306e-04
1.154240428591692689e-04
1.159131639742094679e-04
1.165066063698514103e-04
1.170086490704190909e-04
1.174043004503617363e-04
1.176682111833919804e-04
1.179164483553765078e-04
1.181953205665355316e-04
1.185113970021375081e-04
1.187469307174476418e-04
1.189107566269922457e-04
1.190340611131125758e-04
1.192217763052973644e-04
1.194465252235558852e-04
1.196110802140096328e-04
1.197178636944414660e-04
1.198021891827010963e-04
1.199357677572934463e-04
1.201340312212461139e-04
1.202230310369833445e-04
1.200806369015474002e-04
1.198824198415455100e-04
1.194822653037481194e-04
1.191120175806923212e-04
1.187057870587883510e-04
1.181697819113951145e-04
1.176583095295795703e-04
1.172540743410304146e-04
1.168982030256195820e-04
1.165890739908998375e-04
1.163867784730121882e-04
1.162936601412000110e-04
1.162949528284889286e-04
1.163672505545816725e-04
1.165759968930900510e-04
1.170381571868588794e-04
1.175903904149092679e-04
1.182530910354559961e-04
1.189634513632282934e-04
1.196485256888789057e-04
1.201930948857353292e-04
1.206859004293257603e-04
1.210930198009997757e-04
1.213637326351686609e-04
1.214886655914359159e-04
1.216875323865381636e-04
1.218859005522089384e-04
1.220551991570741155e-04
1.220936364409772696e-04
1.221082192825014489e-04
1.221933961836633910e-04
1.222788752418817616e-04
1.222860200352609812e-04
1.223047872003337269e-04
1.224228909905367363e-04
1.224656500038216961e-04
1.226260140856661471e-04
1.227159295621028760e-04
1.227792576017016322e-04
1.227487585027119176e-04
1.225736783505739077e-04
1.222170974354394764e-04
1.218105537127870753e-04
1.215194043984812273e-04
1.211930414788377425e-04
1.209321778542243224e-04
1.206050151736178704e-04
1.201709824041604724e-04
1.197114882105949907e-04
1.192249656436468810e-04
1.188266425552237000e-04
1.184607122699721975e-04
1.181109667225555687e-04
1.178856517856524417e-04
1.177597490290598547e-04
1.177836735448974754e-04
1.179105054386551639e-04
1.181720093286793690e-04
1.184658834928141707e-04
1.187229856270576511e-04
1.190507242068492141e-04
1.193622831495383483e-04
1.197744450057877620e-04
1.201897097147874112e-04
1.205808699262946428e-04
1.208771797486791859e-04
1.211859579886533566e-04
1.214678732432563453e-04
1.216642682772264492e-04
1.217139716415527708e-04
1.218166821941178875e-04
1.218031601541468608e-04
1.217582054266777526e-04
1.216031942594512655e-04
1.213450161159123405e-04
1.210633211423344348e-04
1.207633065780354962e-04
1.203093627727097430e-04
1.197811317275173596e-04
1.192781137068400646e-04
1.187417112467186462e-04
1.182926598579868123e-04
1.178748515130344709e-04
1.175145912694040840e-04
1.172730239311196593e-04
1.171154539604243655e-04
1.169442613727193769e-04
1.167852294199988412e-04
1.165189518970859194e-04
1.162043499037589220e-04
1.158504430982586295e-04
1.155490466731625690e-04
1.153777447411541120e-04
1.152847081406534321e-04
1.152622893806091921e-04
1.151982294556409608e-04
1.150901809122441537e-04
1.150015893208269392e-04
1.149122715416379167e-04
1.148462525587079334e-04
1.148396435689952311e-04
1.148306266411244173e-04
1.148864065674486774e-04
1.150884305145663316e-04
1.154518410258656251e-04
1.158425266647602038e-04
1.163983970819045541e-04
1.170134022961205828e-04
1.176590374055160688e-04
1.183653749734843875e-04
1.191476251072283530e-04
1.197348900014877935e-04
1.203722951670471546e-04
1.210267529247226670e-04
1.218056693841256064e-04
1.225330529138292162e-04
1.232341320426204962e-04
1.239217324233661327e-04
1.244668461267161609e-04
1.250266244091684459e-04
1.254902649770514968e-04
1.261351189004522935e-04
1.266832527569166809e-04
1.271452746075072554e-04
1.276503557317240113e-04
1.281056117521190080e-04
1.285428683871130216e-04
1.288077416433686681e-04
1.290739186462993866e-04
1.292390664882829381e-04
1.293699598352601558e-04
1.293902483343006664e-04
1.293545658839413042e-04
1.293035538987229952e-04
1.292614901643863827e-04
1.291056555401812926e-04
1.288701860939659794e-04
1.284513154030936374e-04
1.279554269153801264e-04
1.272481333154156175e-04
1.264302602411413205e-04
1.255457918297262637e-04
1.246352829759593984e-04
1.236739676186237149e-04
1.226412914048569981e-04
1.215464214297843444e-04
1.203259941667090367e-04
1.191500147699390113e-04
1.179203527026884352e-04
1.167403579146863296e-04
1.156758068642731825e-04
1.146759790558631378e-04
1.137417688779357059e-04
1.128789545260944086e-04
1.120836525941148326e-04
1.113182700344695101e-04
1.106674723761453096e-04
1.100451669425517092e-04
1.096478352708671637e-04
1.094610962613610117e-04
1.092485012905145729e-04
1.092192581526470717e-04
1.094339891716244193e-04
1.097990100305734282e-04
1.102711583161577113e-04
1.108166291590170034e-04
1.114540004419453971e-04
1.120836616912947647e-04
1.127561541823099206e-04
1.134089026932432430e-04
1.141365114198613544e-04
1.147320247345644251e-04
1.152407157094009933e-04
1.156428058481582784e-04
1.158703043044153388e-04
1.160052105378619634e-04
1.160642258412221666e-04
1.161788429512288770e-04
1.161732633992875298e-04
1.159904232452065205e-04
1.156498842013349831e-04
1.153298029534488003e-04
1.150016388732076926e-04
1.147587757314257788e-04
1.145110507850600513e-04
1.142592103428518788e-04
1.140795879127322809e-04
1.138824237965340444e-04
1.138204939905462136e-04
1.138224677877196613e-04
1.139639851775927368e-04
1.142455637987631160e-04
1.145305401474925461e-04
1.148278677331151425e-04
1.151528350621465859e-04
1.155819281029156096e-04
1.160021678631921287e-04
1.165382522415829960e-04
1.171176660970854990e-04
1.177540734382657474e-04
1.184729441027523563e-04
1.192329991846665781e-04
1.199334046408294342e-04
1.207625378695250220e-04
1.216552343695084196e-04
1.224454608489819116e-04
1.231845575654088058e-04
1.237080818691639432e-04
1.241406718166455144e-04
1.245402718829085719e-04
1.248196005881025512e-04
1.249558781707648921e-04
1.249956354966206369e-04
1.249141139276953522e-04
1.248209591629794975e-04
1.245561348196332725e-04
1.242031610479329409e-04
1.238322448605224183e-04
1.234562556262462770e-04
1.230694420862291256e-04
1.225764641053088714e-04
1.220890984805030792e-04
1.216755478798311465e-04
1.213296640757241963e-04
1.209429530801913420e-04
1.205450097462583848e-04
1.201613741354269887e-04
1.198072107199501558e-04
1.193088730625205436e-04
1.189239426255117712e-04
1.185345432030642356e-04
1.181101013738194332e-04
1.176362753144872013e-04
1.171278996452353345e-04
1.166055563001810362e-04
1.161580317165811791e-04
1.155602869342874312e-04
1.149121042808032853e-04
1.144019068734881744e-04
1.139509041727621930e-04
1.135219384373100651e-04
1.131725667699670385e-04
1.128429373135842123e-04
1.124265942553285364e-04
1.120451861716727660e-04
1.117369864783528642e-04
1.115312120332204084e-04
1.112833430694300674e-04
1.109789572169259152e-04
1.105092097299331362e-04
1.100621021960722064e-04
1.094715280208414425e-04
1.087962762739988834e-04
1.080423840187155152e-04
1.071875541446379613e-04
1.063083173493866232e-04
1.053774805136128718e-04
1.044394538957048833e-04
1.035896161500434896e-04
1.028711681541803974e-04
1.021454890469267532e-04
1.015553308187929589e-04
1.011429060432656162e-04
1.010080117612686956e-04
1.012160810566766714e-04
1.016678561035218959e-04
1.022809582434767040e-04
1.031410724994446604e-04
1.042886216317200727e-04
1.056055512916994005e-04
1.070868744541929188e-04
1.087507236291299388e-04
1.105858381189935447e-04
1.126123952667614858e-04
1.148186091406369494e-04
1.170172364959396610e-04
1.192919650242197076e-04
1.215575352496082008e-04
1.238490362264890255e-04
1.260779341744882459e-04
1.282471879587004232e-04
1.304551489591969978e-04
1.325922011986777884e-04
1.346985154300685706e-04
1.368476340184508581e-04
1.389512845781367767e-04
1.408785395005907829e-04
1.427847616812779122e-04
1.445535667705570917e-04
1.463152480896213808e-04
1.478470219086462254e-04
1.493580716355872619e-04
1.508362816400819198e-04
1.520579742937701578e-04
1.531467365065466687e-04
1.540543307721426803e-04
1.548667080104166021e-04
1.554378062789471679e-04
1.556992613765342684e-04
1.556212087967083230e-04
1.553662255590657721e-04
1.548357483288572995e-04
1.541103864032365017e-04
1.531890512621944403e-04
1.521029476313143355e-04
1.509840041801762279e-04
1.498328110974642829e-04
1.486106211233641965e-04
1.472388283478430655e-04
1.458497934621096883e-04
1.444852685991723871e-04
1.431966641743911061e-04
1.418675931240775782e-04
1.405583283460719486e-04
1.394348390393879015e-04
1.383268034398909283e-04
1.371474279702380311e-04
1.359605050004663229e-04
1.349083254208224402e-04
1.338515607305087269e-04
1.328914601937683992e-04
1.320006511510086111e-04
1.311456116013117422e-04
1.303809623648013831e-04
1.296308300870579458e-04
1.288563555766449520e-04
1.278947353267077596e-04
1.268353165177986798e-04
1.258345303446103654e-04
1.248295163377575101e-04
1.237363826474301761e-04
1.225988611646794098e-04
1.214698104954050825e-04
1.205139912048223657e-04
1.197374030362179749e-04
1.190736312882912035e-04
1.184928292231883680e-04
1.180667794289827315e-04
1.176922562281760166e-04
1.175155076542557658e-04
1.173873193725393123e-04
1.173071623175263702e-04
1.172810010590046676e-04
1.173206122369318009e-04
1.173642377322717039e-04
1.174671005212190667e-04
1.176652286600334864e-04
1.180126158453657188e-04
1.185563861158027638e-04
1.191141483733596310e-04
1.197125257754451085e-04
1.203903607803762273e-04
1.211415363420184979e-04
1.220239152133397592e-04
1.229710148089785187e-04
1.239601245961892678e-04
1.248240019722908706e-04
1.257294243988479757e-04
1.265807965487679692e-04
1.272654526152350004e-04
1.278035096265061525e-04
1.282458771586571537e-04
1.285819237233422905e-04
1.287752075495723902e-04
1.288687299442314426e-04
1.288477558664346233e-04
1.287231789966241302e-04
1.285021952461952530e-04
1.282182920821962500e-04
1.279329996940313128e-04
1.276274380124041820e-04
1.273720425382269010e-04
1.270980871634634808e-04
1.269182183851777328e-04
1.267696608931585507e-04
1.266718446065194558e-04
1.267440400102387522e-04
1.268984314699552135e-04
1.270297024282362021e-04
1.273386299564301799e-04
1.277969454806990573e-04
1.285438537101280410e-04
1.294545086053762234e-04
1.305084185816251900e-04
1.315442554459665030e-04
1.326735720960220671e-04
1.337544422002559389e-04
1.348232266946743779e-04
1.357105690887940334e-04
1.364426980781252184e-04
1.370424347097034352e-04
1.375961981100570341e-04
1.378958569313886622e-04
1.381285264147898541e-04
1.383808435875754587e-04
1.385224044961017335e-04
1.384483785599032596e-04
1.384064248705227590e-04
1.382652554860439335e-04
1.381387338291355845e-04
1.379276215988635640e-04
1.377134341460594085e-04
1.374055634741643038e-04
1.369084756560720768e-04
1.362639008502552519e-04
1.354041400337207234e-04
1.344922161684698964e-04
1.334427480853792340e-04
1.322553082307530549e-04
1.309944084665247638e-04
1.298572978585390897e-04
1.288318748522744323e-04
1.278958647688142230e-04
1.268241911834450423e-04
1.257442082237265717e-04
1.246520003406184282e-04
1.235715145784477232e-04
1.224286577295332192e-04
1.212567744472937623e-04
1.201277351153486224e-04
1.188862486039934160e-04
1.177163146763372022e-04
1.166037354815661203e-04
1.156965683419245057e-04
1.148283907057502835e-04
1.141323783418010012e-04
1.134955840003185057e-04
1.129363661847281606e-04
1.125133350881175843e-04
1.121690142608963540e-04
1.121035718053071039e-04
1.121692172483785372e-04
1.123380729698589091e-04
1.126562623319133944e-04
1.131059113953539978e-04
1.136514263370782575e-04
1.142835993391836053e-04
1.150129763175179905e-04
1.157748592473710827e-04
1.166651069734039392e-04
1.176412984542465944e-04
1.187453216460978471e-04
1.200167204848481307e-04
1.214130895567956930e-04
1.228158345778207743e-04
1.243506008424925813e-04
1.258836369888938428e-04
1.274516267055678630e-04
1.290006664630406709e-04
1.304240029028967511e-04
1.317591866650734368e-04
1.329053717166529033e-04
1.338909882850277148e-04
1.348190343962302196e-04
1.356160346111986428e-04
1.362731147246365980e-04
1.367849006500065434e-04
1.372391544629950662e-04
1.375547226030459941e-04
1.377134588724647935e-04
1.375998599394023152e-04
1.373680667257833358e-04
1.370126967389430654e-04
1.366266629196345945e-04
1.361822354986748059e-04
1.357042986034155945e-04
1.352141919948148321e-04
1.347897076826937634e-04
1.343971829059449142e-04
1.341891100350180426e-04
1.340124002770684119e-04
1.340089213578262101e-04
1.340799227239084044e-04
1.342096924379240991e-04
1.343688363890321955e-04
1.344841538380751270e-04
1.346868634926331543e-04
1.348545028268836529e-04
1.350327898448074960e-04
1.350549495228713657e-04
1.350516200588776881e-04
1.349392330484583966e-04
1.346031961343506890e-04
1.340209564726749280e-04
1.332816771017738058e-04
1.325839504361011603e-04
1.318194956025865641e-04
1.307904181750711627e-04
1.296672923030552180e-04
1.285000335809988008e-04
1.272395734433690896e-04
1.258552380144811918e-04
1.244700098478586456e-04
1.228926127743879687e-04
1.211967959365435176e-04
1.194557610553089160e-04
1.177871217173311492e-04
1.160849829181355777e-04
1.143061010707646045e-04
1.124485717625442298e-04
1.106733992980867172e-04
1.089174737599437519e-04
1.071900295558305023e-04
1.055645216341655982e-04
1.041239765033472780e-04
1.028396037488309546e-04
1.018034498851707031e-04
1.010530166373136340e-04
1.004892938068414248e-04
1.001789672043210035e-04
1.001972182742383137e-04
1.004987437392822636e-04
1.010867549256560735e-04
1.019476959064473951e-04
1.030313608616821803e-04
1.044821960764186989e-04
1.062855376266907959e-04
1.084372443717206320e-04
1.107150901014957627e-04
1.131264562231355103e-04
1.157115858601051161e-04
1.183248595495353358e-04
1.209825283514052172e-04
1.235838448931368162e-04
1.261354251160058584e-04
1.286774176007568190e-04
1.311758820931165168e-04
1.335086782500834396e-04
1.356624079606185643e-04
1.376206168900028122e-04
1.393966096216842608e-04
1.410069055076449383e-04
1.423091679562483785e-04
1.433439974589115684e-04
1.441823801618920611e-04
1.446424300261115641e-04
1.448081860615837426e-04
1.448201152896691274e-04
1.446681837301331359e-04
1.444797261854423830e-04
1.441102088473245535e-04
1.435855033754640346e-04
1.430278920596854495e-04
1.424031463496528132e-04
1.416160593838933180e-04
1.407879361958147384e-04
1.399474509903993972e-04
1.390768846737317540e-04
1.383064056958309201e-04
1.374483954930205785e-04
1.366871663416835110e-04
1.359811074133856655e-04
1.353864323343744987e-04
1.347172200740466780e-04
1.340426927060606047e-04
1.332292689309195338e-04
1.323548022421455446e-04
1.315058875269500133e-04
1.307409182031057373e-04
1.299468125412920954e-04
1.292275729144063334e-04
1.285889523632117396e-04
1.279908582744525118e-04
1.274460488324396373e-04
1.268164278423440997e-04
1.262734241050685437e-04
1.258092574510742950e-04
1.253696080797564276e-04
1.249109225402819006e-04
1.245228870917629597e-04
1.241278708785459534e-04
1.237734587752616858e-04
1.235331061247384437e-04
1.233371337743778074e-04
1.232260991398306110e-04
1.230256318908004489e-04
1.229816290272536588e-04
1.228978879737529714e-04
1.228012903551628380e-04
1.227878977688844769e-04
1.228580586162041164e-04
1.229321444280374225e-04
1.229653971219158088e-04
1.228569453700368826e-04
1.227102435275962506e-04
1.224908919836225447e-04
1.222202899882214025e-04
1.219211748637419627e-04
1.216761964486197736e-04
1.214416591607961685e-04
1.211784504817511833e-04
1.208175319480444838e-04
1.204362480955471684e-04
1.200470035366764561e-04
1.198154808577340602e-04
1.195767737136999151e-04
1.193279526373997555e-04
1.190746257692460374e-04
1.188849864800764272e-04
1.186248457842446237e-04
1.183222741432441534e-04
1.181079872440420498e-04
1.179290827727078658e-04
1.176346098540560683e-04
1.173488248085921689e-04
1.169124416641808628e-04
1.164390146311460950e-04
1.160894394104807588e-04
1.156757553417441008e-04
1.152912303491280144e-04
1.149464996934211830e-04
1.146340010116552377e-04
1.143177310778125018e-04
1.141103262227817017e-04
1.139747190948934164e-04
1.139153121111535685e-04
1.139154861856551265e-04
1.139978696417816685e-04
1.143054540494570876e-04
1.145760369578907633e-04
1.148607831666675254e-04
1.153161077043500689e-04
1.157956651272565741e-04
1.163779365084041109e-04
1.168284058359988402e-04
1.173004089594395331e-04
1.178919765131417920e-04
1.184069037859772008e-04
1.189706445040945512e-04
1.194757600614257615e-04
1.198902131260097797e-04
1.201810352529980239e-04
1.205522341010661219e-04
1.209522972772179416e-04
1.213987958104667791e-04
1.217605550006415271e-04
1.220425208054443924e-04
1.223798310942566083e-04
1.227452434992121720e-04
1.230935534803098783e-04
1.234219772236851880e-04
1.238775440019385414e-04
1.243289714236848120e-04
1.247531277498321054e-04
1.251279306763495138e-04
1.256475955032020867e-04
1.262351536964338760e-04
1.267156186178451096e-04
1.272068623336306513e-04
1.277682471969311109e-04
1.282140340272683917e-04
1.285486847384039203e-04
1.289788382424933997e-04
1.294156899336115643e-04
1.297564503976759379e-04
1.300205110225024227e-04
1.302121092669957262e-04
1.303552770620259585e-04
1.304162190799120413e-04
1.303983435838090756e-04
1.304268308904814192e-04
1.302880032400411531e-04
1.300543301928722834e-04
1.297810864264807009e-04
1.296136612412751620e-04
1.294445740845185733e-04
1.294410992965251000e-04
1.295286125469723030e-04
1.297504260240856747e-04
1.299404442172990594e-04
1.302790231829641923e-04
1.306647121149755566e-04
1.310896252664062829e-04
1.316899852979406139e-04
1.323980828322243036e-04
1.332689590729397439e-04
1.342663865724830815e-04
1.354117569300671226e-04
1.366339344393199123e-04
1.379392771059206836e-04
1.393304599755327156e-04
1.406838197801190673e-04
1.418283249850247696e-04
1.427964788765226844e-04
1.435278624487276245e-04
1.441345767450526215e-04
1.445202572010803989e-04
1.446597625316517520e-04
1.443887099783843116e-04
1.439103721440925833e-04
1.432553325157892186e-04
1.425134586788063444e-04
1.416054643605126583e-04
1.405423820831003040e-04
1.393124896727074898e-04
1.380247183625206648e-04
1.367099866473959948e-04
1.353688571173788848e-04
1.340584376357414984e-04
1.327330142208085631e-04
1.315164475699234304e-04
1.303235191951055338e-04
1.290255450862510438e-04
1.278556291698916027e-04
1.267702797423680581e-04
1.256987200601194284e-04
1.246384093436884435e-04
1.236179637753166260e-04
1.227326528585343402e-04
1.219268915551049819e-04
1.212761110117085289e-04
1.207503764787135276e-04
1.203046294830672396e-04
1.198811422038730933e-04
1.195163454326293988e-04
1.192413848457033387e-04
1.188588975234920568e-04
1.185942901761300556e-04
1.183916113593887036e-04
1.181915603944357377e-04
1.180506976818827217e-04
1.180202928930453596e-04
1.181057173779677611e-04
1.183435758520239717e-04
1.186421033567590985e-04
1.190885451710957084e-04
1.195952411927396182e-04
1.201844064567031065e-04
1.207457365918206431e-04
1.213909037148221343e-04
1.220273647774275860e-04
1.226029578131352044e-04
1.232451410903278059e-04
1.240099068412633346e-04
1.247980145610613073e-04
1.256877148596766396e-04
1.266082785084292686e-04
1.274437002666366486e-04
1.281782434738664529e-04
1.288822327689900403e-04
1.296647970294744672e-04
1.304214472187048080e-04
1.311936542767982560e-04
1.318908579711819060e-04
1.325666934158690807e-04
1.330565435338391337e-04
1.333940339811451586e-04
1.335215075058536916e-04
1.336283767623588350e-04
1.336628556168950382e-04
1.335033718358042115e-04
1.331604434903907929e-04
1.326938629983745021e-04
1.319825049897723271e-04
1.311276113747232878e-04
1.302401517738866442e-04
1.292945532235779092e-04
1.283035516422938779e-04
1.273528309174370250e-04
1.264929045050111134e-04
1.256378916150546320e-04
1.248318469554263090e-04
1.240917267006897513e-04
1.234139117690875908e-04
1.228790665128464462e-04
1.225440303944893726e-04
1.223199221743236304e-04
1.221916353498469620e-04
1.221046418262187409e-04
1.222065886006884006e-04
1.223489030799942371e-04
1.226204497379424592e-04
1.230579148517503291e-04
1.236192265236845181e-04
1.241948643496963061e-04
1.246927908403090701e-04
1.252083119007582840e-04
1.258061852820429715e-04
1.264792743127160762e-04
1.272434034006924902e-04
1.280197246577855419e-04
1.287902140698344959e-04
1.295016898671482895e-04
1.301307110425421222e-04
1.305812177113748092e-04
1.309238412799460091e-04
1.309902130561376105e-04
1.307760657400889193e-04
1.300807074902122227e-04
1.291533052083334481e-04
1.281036609961424405e-04
1.269424400578260132e-04
1.256337260032537118e-04
1.242122432661778818e-04
1.227654017326821083e-04
1.213863462021891153e-04
1.200344653491532913e-04
1.186947132272247020e-04
1.175876158922931633e-04
1.165387581490923488e-04
1.156400736530184417e-04
1.148160055937958324e-04
1.140929767497659121e-04
1.135706139781869888e-04
1.129654771578979646e-04
1.124207255287039669e-04
1.120215710320856747e-04
1.117356057089315385e-04
1.116335935543595051e-04
1.116730255442471235e-04
1.118736278122605841e-04
1.121930317703841900e-04
1.126933594611178539e-04
1.133153210172392752e-04
1.141419228599172865e-04
1.151128612126628209e-04
1.161171170029779440e-04
1.173041510943814052e-04
1.186551712704223861e-04
1.201991269241239673e-04
1.217909636055799702e-04
1.234530146042278056e-04
1.252760483295955454e-04
1.271913541353024858e-04
1.292446324687021239e-04
1.313327585875202286e-04
1.334920369322226087e-04
1.355898813591615215e-04
1.375613427095990007e-04
1.395009950952842519e-04
1.414406677503831462e-04
1.432245499331690538e-04
1.450185685004983177e-04
1.465612099231568960e-04
1.479441468595689988e-04
1.491838042187224305e-04
1.501893906653091384e-04
1.510554122516420943e-04
1.516985535418440044e-04
1.522099045916886027e-04
1.525713934961134060e-04
1.527693961225054303e-04
1.526775534994339375e-04
1.524474440354625865e-04
1.521996658183077120e-04
1.518283447209590369e-04
1.513247459345482774e-04
1.507690564794105913e-04
1.502991704846168806e-04
1.497428653954848907e-04
1.492203814044067937e-04
1.486233415734280333e-04
1.481110898102809895e-04
1.473908114150194407e-04
1.467007269324098169e-04
1.458302234509841746e-04
1.449488703140257035e-04
1.439133149683416261e-04
1.426339812573520398e-04
1.412376861556641910e-04
1.396935392901993899e-04
1.379726174665267882e-04
1.362077299820326718e-04
1.344194493508448244e-04
1.324949257494711496e-04
1.305407854147013283e-04
1.284282665203323719e-04
1.261221179556318035e-04
1.238080081578224988e-04
1.214720523898809180e-04
1.190842361876013646e-04
1.167114847529357371e-04
1.143863538090555791e-04
1.121843104081967409e-04
1.100828732265331364e-04
1.081635694035889368e-04
1.064659254940636878e-04
1.049387703181485195e-04
1.035689105582950596e-04
1.023911273171734760e-04
1.012762375553047161e-04
1.002576119007460818e-04
9.952872753342747753e-05
9.897126159110077558e-05
9.856349650406547990e-05
9.840061384906858763e-05
9.842830137659155671e-05
9.866901228610660754e-05
9.913300858121912394e-05
9.968418383170469035e-05
1.003923107729485370e-04
1.011959484069933435e-04
1.021417572335873948e-04
1.031665417612462375e-04
1.042388941502422244e-04
1.054144315725733232e-04
1.066155307660298767e-04
1.077588687361324092e-04
1.089772530488645336e-04
1.102526225023869053e-04
1.116519746367674974e-04
1.131905496680878391e-04
1.148175695009119460e-04
1.165264655727016362e-04
1.183583704093170907e-04
1.201783890874006180e-04
1.220519535967138280e-04
1.239934030624850574e-04
1.259939958152270700e-04
1.278901218387393712e-04
1.296114032099661374e-04
1.312598423743850879e-04
1.327807341423172362e-04
1.341071638561770621e-04
1.354664434669025164e-04
1.365941209321966301e-04
