0.000000000000000000e+00 1.157557377581662106e+00
3.141592653589793116e-01 1.049634197190505436e+00
6.283185307179586232e-01 1.023841596867202997e+00
9.424777960769379348e-01 1.004909784152286489e+00
1.256637061435917246e+00 9.953597619941578767e-01
1.570796326794896558e+00 9.936235889644154939e-01
1.884955592153875870e+00 9.931658738207842507e-01
2.199114857512855181e+00 9.977891690127005386e-01
2.513274122871834493e+00 9.956645921559925672e-01
2.827433388230813804e+00 9.979751571470625304e-01
