0.000000000000000000e+00 1.135996970983375043e+00
3.141592653589793116e-01 1.045537889355878436e+00
6.283185307179586232e-01 1.022509418861313080e+00
9.424777960769379348e-01 1.009827312289562684e+00
1.256637061435917246e+00 9.982408392685466758e-01
1.570796326794896558e+00 9.954734006133940660e-01
1.884955592153875870e+00 9.926136424849784090e-01
2.199114857512855181e+00 9.950686455021303667e-01
2.513274122871834493e+00 9.957287892650568129e-01
2.827433388230813804e+00 9.976281962872426412e-01
