0.000000000000000000e+00 1.141634513737517898e+00
3.141592653589793116e-01 1.045887734928158119e+00
6.283185307179586232e-01 1.022500755004986717e+00
9.424777960769379348e-01 1.007716108126216703e+00
1.256637061435917246e+00 9.975511009424481434e-01
1.570796326794896558e+00 9.970782618553792886e-01
1.884955592153875870e+00 9.948561157323819737e-01
2.199114857512855181e+00 9.966583731609944818e-01
2.513274122871834493e+00 9.955303388508988105e-01
2.827433388230813804e+00 9.968152934145888544e-01
