0.000000000000000000e+00 1.152158555070087909e+00
3.141592653589793116e-01 1.050848031753294221e+00
6.283185307179586232e-01 1.020951515585715397e+00
9.424777960769379348e-01 1.000723411956670583e+00
1.256637061435917246e+00 9.922935274843582842e-01
1.570796326794896558e+00 9.938887466096765211e-01
1.884955592153875870e+00 9.953971065237194882e-01
2.199114857512855181e+00 9.984710763689483848e-01
2.513274122871834493e+00 9.960935424763429635e-01
2.827433388230813804e+00 9.980135179521530953e-01
