0.000000000000000000e+00 1.132423881372436547e+00
3.141592653589793116e-01 1.045522072620305165e+00
6.283185307179586232e-01 1.020655352518172077e+00
9.424777960769379348e-01 1.007960601704075421e+00
1.256637061435917246e+00 9.983046547959344430e-01
1.570796326794896558e+00 9.955327579952079065e-01
1.884955592153875870e+00 9.930358907803705781e-01
2.199114857512855181e+00 9.950278331307079727e-01
2.513274122871834493e+00 9.962206163671880610e-01
2.827433388230813804e+00 9.977618447014662273e-01
