1.047197551196596757e-02 1.881702365027378532e+00
2.827433388230813915e-01 8.692714417766612689e-01
5.550147021341966802e-01 9.843013041135382224e-01
8.272860654453121354e-01 1.032926508622625805e+00
1.099557428756427591e+00 9.746445696689102212e-01
1.371828792067542713e+00 1.004135909149565187e+00
1.644100155378658279e+00 1.010704301420647377e+00
1.916371518689773845e+00 9.935096246821575328e-01
2.188642882000888967e+00 9.966158298979391761e-01
2.460914245312004756e+00 9.943100080834430532e-01
2.733185608623119656e+00 1.006522322002422420e+00
3.005456971934235000e+00 9.993857651464694847e-01
