0.000000000000000000e+00 1.171567687084254406e+00
3.141592653589793116e-01 1.066652099684833654e+00
6.283185307179586232e-01 1.036905448394131790e+00
9.424777960769379348e-01 1.016243852889384458e+00
1.256637061435917246e+00 1.001186988207735995e+00
1.570796326794896558e+00 9.970109752050834162e-01
1.884955592153875870e+00 9.933311965102824548e-01
2.199114857512855181e+00 9.948878708534585336e-01
2.513274122871834493e+00 9.934898783408269152e-01
2.827433388230813804e+00 9.956772415897768846e-01
